小心谨慎 谨慎小心 4.0 4 4 4 4 4 4 4 4 4 4 4 4 4 4 4 
繁琐 烦琐 4.0 4 4 4 4 4 4 4 4 4 4 4 4 4 4 4 
银灰色 银灰 4.0 4 4 4 4 4 4 4 4 4 4 4 4 4 4 4 
倔强 倔犟 4.0 4 4 4 4 4 4 4 4 4 4 4 4 4 4 4 
唯有 惟有 3.933333333333333 4 4 4 4 4 4 4 4 4 4 4 4 4 3 4 
虚无缥缈 虚无飘渺 3.933333333333333 4 3 4 4 4 4 4 4 4 4 4 4 4 4 4 
有些偏高 有点偏高 3.933333333333333 4 4 4 4 4 4 4 4 4 4 3 4 4 4 4 
血红 血红色 3.8666666666666667 4 4 4 4 4 4 3 4 4 4 4 4 4 3 4 
有说服力 具有说服力 3.8666666666666667 4 2 4 4 4 4 4 4 4 4 4 4 4 4 4 
齐全 齐备 3.8666666666666667 4 4 4 3 4 3 4 4 4 4 4 4 4 4 4 
相互 互相 3.8 4 3 4 4 4 3 4 3 4 4 4 4 4 4 4 
絮絮叨叨 絮叨 3.8 4 4 4 4 4 4 3 3 4 4 4 4 4 4 3 
唯独 惟独 3.7333333333333334 4 4 4 4 4 4 4 4 4 4 1 4 4 3 4 
火爆 火暴 3.6666666666666665 4 4 4 4 4 4 4 4 4 4 0 4 4 3 4 
颤巍巍 颤颤巍巍 3.6666666666666665 4 3 4 4 4 4 4 3 3 3 3 4 4 4 4 
葱郁 葱茏 3.6666666666666665 4 3 2 3 4 3 4 4 4 4 4 4 4 4 4 
炫目 眩目 3.6666666666666665 4 3 3 4 4 3 4 3 4 4 4 4 4 3 4 
炽热 炙热 3.6 4 3 4 3 3 2 4 3 4 4 4 4 4 4 4 
文武双全 文武全才 3.6 4 3 4 4 3 4 4 3 4 3 4 4 3 3 4 
聪慧 聪颖 3.6 4 3 4 4 3 3 4 3 3 4 4 4 3 4 4 
慢腾腾 慢慢吞吞 3.533333333333333 3 4 4 3 4 4 4 4 3 3 4 4 4 3 2 
做作 造作 3.533333333333333 4 2 4 4 3 4 4 4 2 4 4 2 4 4 4 
鲜艳 艳丽 3.466666666666667 3 3 4 4 3 4 4 3 4 3 3 4 4 3 3 
孤身一人 孤身 3.466666666666667 3 3 4 4 4 3 3 4 3 3 4 4 3 4 3 
精神饱满 精神焕发 3.4 2 4 3 3 3 4 3 4 3 4 4 4 4 3 3 
橘红色 桔红色 3.3333333333333335 4 4 4 4 4 4 4 1 4 4 2 4 4 1 2 
鲁莽 莽撞 3.3333333333333335 4 4 3 3 3 3 3 3 3 4 4 3 2 4 4 
绚丽多彩 绚丽多姿 3.3333333333333335 3 3 3 4 3 3 4 3 3 3 3 4 4 3 4 
决然 毅然决然 3.3333333333333335 3 2 4 4 3 4 3 3 4 4 4 3 3 3 3 
聪明 聪慧 3.3333333333333335 4 4 3 3 3 3 3 4 3 4 3 3 4 3 3 
匮乏 贫乏 3.3333333333333335 3 4 4 4 3 3 3 4 2 2 4 3 4 4 3 
郁郁葱葱 葱郁 3.2666666666666666 4 3 4 2 3 3 4 3 3 2 3 4 3 4 4 
真挚 诚挚 3.2666666666666666 3 2 3 4 3 3 3 3 3 4 4 4 3 3 4 
衣衫褴褛 褴褛 3.2666666666666666 2 3 4 4 4 3 2 4 3 3 3 4 3 3 4 
难以预料 难以预测 3.2666666666666666 3 3 3 4 3 3 3 4 3 3 4 3 3 4 3 
彪悍 剽悍 3.2 4 3 3 3 3 2 3 3 4 3 4 2 4 3 4 
简洁 简练 3.2 4 3 3 4 3 2 4 3 3 3 4 3 2 3 4 
鼓舞人心 令人鼓舞 3.2 3 2 4 2 3 3 3 4 3 3 4 4 4 3 3 
真诚 真挚 3.2 3 4 3 4 4 3 3 2 3 3 3 3 4 3 3 
难以言表 难以名状 3.2 2 2 3 3 4 3 4 4 3 3 3 4 4 3 3 
精神抖擞 精神饱满 3.2 3 4 3 3 4 4 3 1 3 3 3 4 4 3 3 
热气腾腾 热腾腾 3.2 3 3 4 2 3 3 3 4 3 3 3 3 4 3 4 
孤独 孤单 3.1333333333333333 3 1 4 4 3 3 3 2 4 3 4 3 3 3 4 
不能解决 无法解决 3.1333333333333333 3 1 4 3 4 3 3 3 3 2 4 3 3 4 4 
葱茏 苍郁 3.1333333333333333 2 2 3 3 3 3 3 4 4 1 4 4 3 4 4 
狡猾 诡计多端 3.1333333333333333 2 3 3 2 3 3 3 3 4 4 4 3 4 3 3 
恼人 令人烦恼 3.1333333333333333 3 4 3 4 2 3 3 4 3 3 3 4 3 3 2 
考虑不周 欠考虑 3.1333333333333333 2 3 3 2 2 4 3 4 4 3 4 3 4 3 3 
谦虚 谦逊 3.1333333333333333 3 3 3 3 3 3 3 4 3 3 3 3 3 3 4 
郁郁葱葱 葱茏 3.1333333333333333 3 3 3 3 3 4 2 4 3 2 4 3 4 3 3 
孤单 孤寂 3.1333333333333333 4 3 3 3 3 3 2 4 3 3 3 3 4 3 3 
傲慢 倨傲 3.1333333333333333 3 4 3 2 3 2 3 4 3 4 3 3 4 3 3 
妖艳 妖冶 3.066666666666667 3 2 2 4 4 3 4 2 3 3 4 4 2 3 3 
无尽 无穷无尽 3.066666666666667 3 3 3 4 3 3 4 1 3 4 3 3 3 3 3 
骁勇 悍勇 3.066666666666667 3 1 3 3 3 2 4 3 4 4 4 3 2 3 4 
走俏 俏销 3.066666666666667 2 3 4 3 3 4 2 3 4 3 3 3 3 3 3 
婀娜 婀娜多姿 3.066666666666667 3 3 4 3 3 3 3 4 2 3 3 3 3 3 3 
狼狈 狼狈不堪 3.066666666666667 2 3 3 3 4 3 3 4 3 3 3 3 3 3 3 
祖传 家传 3.066666666666667 2 4 3 3 3 3 3 3 3 3 4 3 3 3 3 
寂寞 孤独 3.0 3 2 4 4 3 1 3 3 3 4 4 3 1 3 4 
孤苦伶仃 孤孤单单 3.0 3 4 3 2 3 2 3 3 3 2 4 3 3 4 3 
狡诈 奸诈 3.0 3 3 3 3 3 3 3 4 2 3 2 3 4 3 3 
黏糊糊 粘糊糊 2.933333333333333 2 1 4 1 4 2 4 2 4 4 3 4 3 3 3 
有意义 很有意义 2.933333333333333 3 2 3 3 3 3 3 3 3 3 4 3 3 2 3 
莽撞 冒失 2.933333333333333 3 3 3 2 2 3 3 3 3 3 3 3 4 3 3 
卑鄙 卑鄙无耻 2.933333333333333 3 3 3 3 3 3 3 3 2 2 3 3 4 3 3 
狂妄 狂傲 2.8666666666666667 3 3 3 2 3 3 3 4 2 2 3 3 4 3 2 
花样百出 花样繁多 2.8666666666666667 2 3 3 3 3 3 3 3 3 3 2 3 3 3 3 
令人讨厌 令人生厌 2.8666666666666667 3 2 4 1 3 3 3 4 3 3 1 4 3 3 3 
转瞬 倏忽 2.8 3 1 4 3 4 0 3 3 3 1 4 4 2 3 4 
郁郁葱葱 繁茂 2.8 3 2 4 2 2 2 3 3 3 2 4 2 3 4 3 
精力充沛 精神百倍 2.8 2 3 3 3 3 3 3 3 3 2 3 3 3 3 2 
悠闲 闲适 2.8 3 3 3 3 3 3 2 3 2 2 1 3 4 3 4 
节俭 俭朴 2.8 3 3 3 2 3 3 3 4 2 2 3 3 3 2 3 
耀眼 夺目 2.7333333333333334 3 1 3 3 3 3 1 3 3 3 4 2 2 3 4 
怪异 奇异 2.7333333333333334 2 3 2 3 3 3 3 3 2 4 2 2 3 3 3 
闪亮 亮闪闪 2.7333333333333334 2 1 3 3 3 3 4 2 3 3 2 3 3 4 2 
急于 心切 2.7333333333333334 2 1 4 2 3 1 2 3 3 4 4 2 3 3 4 
肆意 恣意 2.7333333333333334 0 3 3 1 3 4 2 4 3 3 3 3 3 3 3 
鲜艳夺目 灿烂夺目 2.6666666666666665 3 2 3 3 3 3 3 3 2 3 2 2 3 3 2 
迷你 袖珍 2.6666666666666665 2 3 3 2 2 3 3 3 2 3 3 3 3 3 2 
狂妄自大 骄狂 2.6666666666666665 1 3 3 3 2 3 2 3 3 2 3 3 3 3 3 
奢侈 奢华 2.6666666666666665 2 2 3 1 3 3 3 3 3 3 3 3 3 3 2 
真诚 诚实 2.6 3 3 2 3 2 2 3 3 2 4 3 3 1 2 3 
亲切 亲近 2.6 3 0 3 3 3 4 3 2 3 3 3 3 2 1 3 
急忙 慌忙 2.6 2 3 3 3 2 3 1 4 2 3 2 2 3 3 3 
聪慧 伶俐 2.533333333333333 2 1 3 1 3 3 3 2 3 3 3 3 2 3 3 
短暂 刹那 2.533333333333333 3 3 2 3 2 3 1 3 3 2 3 2 3 3 2 
剽悍 骁勇 2.533333333333333 3 3 3 2 2 3 3 2 2 2 3 3 3 3 1 
有说服力 令人信服 2.533333333333333 2 2 3 1 2 4 3 1 2 2 3 3 3 3 4 
不能理解 难以理解 2.533333333333333 3 2 2 3 3 3 3 1 3 2 1 3 3 3 3 
茂密 郁郁葱葱 2.533333333333333 2 2 4 2 2 3 1 4 2 3 4 3 2 2 2 
妖艳 妖媚 2.533333333333333 3 2 3 1 3 3 2 2 2 2 3 2 4 3 3 
妩媚 柔媚 2.466666666666667 2 2 3 2 2 1 2 3 3 3 4 2 3 2 3 
简要 扼要 2.466666666666667 3 2 2 3 3 3 3 1 2 4 2 1 3 2 3 
单调 枯燥 2.466666666666667 3 3 3 2 1 4 2 3 2 2 2 2 2 3 3 
繁杂 烦琐 2.466666666666667 1 2 3 3 3 3 3 2 2 2 2 3 2 3 3 
纷杂 芜杂 2.466666666666667 2 3 3 2 3 3 3 2 2 2 2 2 3 3 2 
节俭 勤俭 2.4 3 3 2 2 3 3 2 2 2 2 3 2 3 2 2 
怪诞 乖谬 2.4 2 3 3 2 2 3 2 3 2 2 3 3 2 2 2 
柔软 柔韧 2.3333333333333335 3 1 2 4 3 1 2 2 2 3 3 1 3 2 3 
壮观 雄伟 2.3333333333333335 2 2 3 1 3 3 2 3 2 2 2 3 3 2 2 
嫣红 艳红 2.2666666666666666 2 3 3 2 3 3 2 2 3 2 2 1 3 1 2 
谦虚 谦虚谨慎 2.2666666666666666 2 2 2 1 2 3 3 3 2 3 2 2 2 3 2 
狡猾 奸诈 2.2666666666666666 2 3 3 3 2 3 2 1 2 1 2 1 3 3 3 
快捷 便捷 2.2666666666666666 3 2 3 1 2 3 2 1 2 3 2 3 3 2 2 
绚丽多姿 绚丽夺目 2.2 1 1 3 3 3 1 3 2 1 4 3 2 2 2 2 
变化万千 变幻无常 2.2 1 1 3 3 2 3 2 1 1 3 3 2 3 2 3 
婀娜 绰约 2.2 3 2 3 1 2 2 3 1 2 2 3 3 3 2 1 
锐利 犀利 2.1333333333333333 3 1 3 2 3 1 1 2 2 4 3 1 3 1 2 
鲜亮 鲜艳夺目 2.1333333333333333 3 1 1 3 2 2 4 3 2 4 1 1 1 2 2 
深灰色 铁灰色 2.1333333333333333 1 3 3 2 3 1 3 2 3 3 2 1 2 1 2 
湛蓝 碧蓝 2.066666666666667 2 2 2 1 3 2 1 2 3 2 3 2 2 2 2 
红色 鲜红 2.066666666666667 3 0 3 1 3 2 1 2 2 2 3 2 2 2 3 
飞扬跋扈 狂妄自大 2.066666666666667 1 3 1 1 1 2 1 2 3 3 3 2 3 2 3 
凄楚 凄迷 2.0 2 2 3 1 3 2 1 2 2 2 2 3 1 2 2 
旖旎 绮丽 2.0 3 2 2 1 2 1 3 1 1 2 2 3 3 1 3 
红色 鲜红色 1.9333333333333333 3 1 3 1 3 3 1 1 2 1 1 2 2 3 2 
晶莹 剔透 1.8666666666666667 3 2 1 1 1 1 3 2 1 3 4 2 1 2 1 
绚丽多彩 光辉灿烂 1.8666666666666667 2 3 3 1 1 2 1 2 2 2 2 3 1 2 1 
葱翠 绿茵茵 1.8 1 0 3 3 1 2 2 1 2 2 3 1 3 1 2 
蓝色 淡蓝色 1.8 2 1 2 2 2 1 1 2 1 3 2 2 2 3 1 
艳丽 妖艳 1.7333333333333334 2 1 3 1 2 0 1 2 2 1 3 2 2 1 3 
年迈 年老体弱 1.7333333333333334 1 1 2 2 2 1 2 1 1 2 2 3 2 2 2 
变化无常 难以预测 1.7333333333333334 1 2 1 1 1 3 1 3 3 2 0 2 3 1 2 
妩媚 俏丽 1.6666666666666667 2 2 2 1 1 1 1 3 2 2 3 1 2 2 0 
木讷 口拙 1.6666666666666667 1 1 2 1 1 0 2 3 1 2 2 2 2 3 2 
苍翠 苍郁 1.6 0 2 2 0 3 1 2 1 1 3 2 2 0 3 2 
不可一世 跋扈 1.6 1 2 1 1 2 1 2 3 1 2 2 1 1 2 2 
郁郁葱葱 苍翠 1.6 2 1 1 0 1 3 2 2 2 2 2 1 0 2 3 
绚丽 夺目 1.6 1 2 3 1 2 2 1 2 1 2 2 1 2 2 0 
气势汹汹 杀气腾腾 1.4666666666666666 2 1 2 3 1 0 1 2 1 1 3 2 2 0 1 
橘红 橘黄 1.3333333333333333 1 1 2 1 2 2 1 1 1 1 2 1 1 1 2 
粉红 艳红 1.2666666666666666 2 1 1 1 3 1 1 1 1 1 2 1 1 1 1 
哀婉 柔婉 1.2666666666666666 1 2 2 1 1 0 1 0 1 1 1 2 2 3 1 
先进 一流 1.2666666666666666 1 1 1 1 2 1 0 1 1 2 2 1 2 2 1 
灰蒙蒙 雾蒙蒙 1.2 0 0 2 3 2 0 3 1 1 1 1 1 1 1 1 
绚丽 炫目 1.2 0 0 2 1 3 2 1 2 0 1 2 1 1 1 1 
深红色 橙红色 1.2 1 0 2 1 3 1 1 1 1 1 1 1 1 1 2 
粉红 暗红 1.2 1 1 2 1 2 0 1 1 1 1 3 1 1 1 1 
壮丽 大气磅礴 1.2 0 0 1 2 1 2 1 2 1 1 2 1 2 1 1 
难闻 呛人 1.2 2 1 2 1 0 1 1 0 2 0 2 1 2 1 2 
谦卑 卑屈 1.2 1 3 2 0 1 1 2 1 1 1 1 1 0 1 2 
易燃 易爆 1.1333333333333333 0 1 1 2 2 0 1 1 1 0 3 2 1 1 1 
邪恶 奸诈 1.1333333333333333 1 2 2 0 1 1 1 1 1 1 1 1 1 1 2 
椭圆形 球形 1.1333333333333333 0 1 1 1 2 0 1 2 1 2 2 1 0 2 1 
唯一 专有 1.1333333333333333 1 1 2 0 1 2 1 0 1 2 2 2 0 1 1 
苍翠 葱茏 1.0666666666666667 0 2 1 1 2 0 2 0 0 1 3 2 0 1 1 
母系 父系 1.0666666666666667 1 0 1 1 2 1 1 1 1 1 2 1 1 1 1 
易懂 简明扼要 1.0666666666666667 2 0 0 2 2 0 0 2 1 1 4 1 0 1 0 
颗粒状 粒状 1.0666666666666667 2 0 3 1 3 0 1 2 0 1 1 0 0 0 2 
苍翠 葱郁 1.0 0 1 2 1 2 0 3 0 0 1 3 0 0 1 1 
阴森森 黑洞洞 1.0 3 1 1 0 1 2 1 1 1 1 1 1 0 1 0 
彬彬有礼 谦和 1.0 1 1 1 0 1 0 1 2 2 2 0 1 1 1 1 
繁茂 苍翠 1.0 1 0 1 0 0 3 1 3 0 1 1 1 1 2 0 
精神焕发 面色红润 0.9333333333333333 0 0 2 1 0 0 1 2 0 2 1 2 2 1 0 
五彩缤纷 各色各样 0.9333333333333333 0 0 1 2 2 1 0 1 1 2 1 1 2 0 0 
深蓝色 墨绿色 0.8666666666666667 0 0 1 0 2 0 1 2 1 1 2 1 0 1 1 
唯一 不同寻常 0.8666666666666667 1 0 1 0 1 0 0 0 3 0 4 1 0 0 2 
令人费解 不合情理 0.8666666666666667 1 0 1 1 1 1 1 1 0 1 0 1 2 1 1 
红色 黄色 0.8666666666666667 1 1 0 1 1 1 1 1 1 1 1 0 1 1 1 
逆向 非常规 0.8666666666666667 0 1 2 0 1 2 0 1 0 1 1 2 1 0 1 
彻底 突破性 0.8 0 0 1 0 0 1 1 1 2 3 2 1 0 0 0 
繁茂 葱绿 0.8 0 0 1 0 0 2 1 3 1 1 0 1 0 1 1 
清晰明了 精当 0.8 1 1 1 0 0 2 1 1 2 2 1 0 0 0 0 
乳白色 淡黄色 0.7333333333333333 0 0 1 1 1 1 1 1 0 1 1 1 0 1 1 
难以捉摸 变化多端 0.7333333333333333 0 1 1 1 1 0 0 0 2 0 3 1 0 1 0 
橘黄色 桃红色 0.7333333333333333 0 0 1 1 1 0 1 1 1 1 1 1 0 1 1 
甘甜 爽口 0.7333333333333333 1 0 1 1 0 0 1 1 1 1 1 1 1 1 0 
荒谬 漏洞百出 0.7333333333333333 2 1 1 0 0 0 0 1 1 1 1 1 1 0 1 
友善 谦和 0.6666666666666666 1 1 1 1 0 0 0 1 1 0 1 1 0 1 1 
无能 愚昧 0.6666666666666666 0 0 1 1 0 0 0 1 1 1 2 1 1 0 1 
红色 淡蓝色 0.6 1 0 1 1 1 0 1 1 0 1 0 1 0 0 1 
红火 走俏 0.6 0 1 2 1 1 0 1 0 1 0 1 1 0 0 0 
难以理解 不合情理 0.6 0 1 1 0 1 0 1 2 0 0 0 2 0 0 1 
短期 阶段性 0.6 0 0 1 0 0 1 1 0 1 0 1 2 1 1 0 
茂密 苍翠 0.5333333333333333 0 1 2 0 1 0 1 0 0 1 1 0 0 1 0 
浪漫 温情 0.5333333333333333 1 0 2 1 0 0 1 2 0 0 0 1 0 0 0 
愚蠢 鲁莽 0.4666666666666667 0 0 1 1 0 0 0 2 1 1 0 1 0 0 0 
橙黄色 粉白色 0.4666666666666667 0 0 1 1 0 0 1 1 0 0 1 1 0 0 1 
急于 贸然 0.4666666666666667 0 0 1 0 1 1 0 2 0 1 0 1 0 0 0 
勤快 贤惠 0.4 0 0 0 0 0 0 0 2 0 0 2 1 0 1 0 
飘逸 俏丽 0.4 0 0 0 0 0 2 1 1 0 0 1 0 0 1 0 
精彩 炫目 0.4 0 0 0 1 0 0 0 2 0 0 2 0 0 1 0 
干燥 酷热 0.4 0 0 1 0 1 0 0 0 0 0 2 1 0 1 0 
真诚 温情 0.4 0 1 1 1 0 0 0 0 0 1 0 0 0 1 1 
秀逸 闲雅 0.3333333333333333 0 0 0 0 0 0 0 2 0 2 0 0 0 1 0 
有理由 不可否认 0.3333333333333333 0 0 1 0 0 0 0 1 0 0 0 2 0 0 1 
乖觉 守本分 0.3333333333333333 0 1 1 0 0 0 0 0 0 0 1 0 0 1 1 
柔媚 明艳 0.26666666666666666 0 0 1 1 0 0 1 1 0 0 0 0 0 0 0 
挺拔 勇猛 0.26666666666666666 0 0 0 1 0 1 0 0 0 0 1 0 0 1 0 
认真 切实 0.26666666666666666 0 0 1 0 0 0 0 1 0 1 1 0 0 0 0 
明快 旋律优美 0.26666666666666666 0 0 1 1 0 0 0 0 1 0 0 0 0 1 0 
谦和 贤明 0.26666666666666666 1 1 0 0 0 0 0 0 1 0 0 0 0 1 0 
彻底 不可逆转 0.2 1 0 1 0 0 0 0 0 1 0 0 0 0 0 0 
奇异 吓人 0.2 0 0 1 1 0 0 0 0 0 0 0 0 0 1 0 
妖媚 荒淫 0.2 0 0 0 0 0 1 1 1 0 0 0 0 0 0 0 
真心实意 满腔热情 0.2 0 0 0 0 0 0 0 2 0 0 0 0 0 0 1 
精准 灵敏 0.2 0 0 1 0 0 0 0 0 0 0 0 0 0 1 1 
浪漫 奢华 0.13333333333333333 0 0 0 0 0 0 0 1 0 0 1 0 0 0 0 
傲然 无表情 0.13333333333333333 0 0 0 0 0 0 1 0 0 0 0 0 0 1 0 
实则 如此这般 0.13333333333333333 0 0 0 0 0 0 0 0 0 0 1 0 0 1 0 
坚强 善良 0.13333333333333333 0 1 0 0 0 0 0 0 0 0 0 0 0 1 0 
慢性 老年性 0.13333333333333333 0 0 0 0 0 0 0 0 0 1 0 0 0 0 1 
灼热 潮红 0.13333333333333333 0 0 1 0 0 0 0 0 0 0 0 0 0 1 0 
壮实 干瘦 0.13333333333333333 0 1 0 0 0 0 0 0 0 1 0 0 0 0 0 
苍茫 寂然 0.13333333333333333 0 0 1 0 0 0 0 1 0 0 0 0 0 0 0 
金黄 透亮 0.06666666666666667 0 0 0 0 0 0 0 0 0 0 0 0 0 1 0 
儒雅 自傲 0.06666666666666667 0 0 0 0 0 0 0 0 0 0 0 0 0 1 0 
想不到 随口 0.06666666666666667 0 0 0 1 0 0 0 0 0 0 0 0 0 0 0 
周到 精湛 0.06666666666666667 0 0 0 0 0 0 0 0 0 0 0 0 0 1 0 
柔软 湿淋淋 0.06666666666666667 0 0 0 0 0 0 0 0 0 0 0 0 0 1 0 
勤劳 谦和 0.06666666666666667 0 0 0 1 0 0 0 0 0 0 0 0 0 0 0 
艳红 灼烫 0.06666666666666667 0 0 1 0 0 0 0 0 0 0 0 0 0 0 0 
诱人 赤裸裸 0.06666666666666667 0 0 1 0 0 0 0 0 0 0 0 0 0 0 0 
俊俏 二十多岁 0.0 0 0 0 0 0 0 0 0 0 0 0 0 0 0 0 
无谓 无休止 0.0 0 0 0 0 0 0 0 0 0 0 0 0 0 0 0 
金色 夺目 0.0 0 0 0 0 0 0 0 0 0 0 0 0 0 0 0 
飘逸 墨绿 0.0 0 0 0 0 0 0 0 0 0 0 0 0 0 0 0 
耀眼 强悍 0.0 0 0 0 0 0 0 0 0 0 0 0 0 0 0 0 
天赋 决定性 0.0 0 0 0 0 0 0 0 0 0 0 0 0 0 0 0 
透明 颗粒状 0.0 0 0 0 0 0 0 0 0 0 0 0 0 0 0 0 
整齐 粉红色 0.0 0 0 0 0 0 0 0 0 0 0 0 0 0 0 0 
一样 相互 0.0 0 0 0 0 0 0 0 0 0 0 0 0 0 0 0 
莫名 吃力 0.0 0 0 0 0 0 0 0 0 0 0 0 0 0 0 0 
彻底 厉害 0.0 0 0 0 0 0 0 0 0 0 0 0 0 0 0 0 
金黄色 亮闪闪 0.0 0 0 0 0 0 0 0 0 0 0 0 0 0 0 0 
惊人 强悍 0.0 0 0 0 0 0 0 0 0 0 0 0 0 0 0 0 
容易 那样 0.0 0 0 0 0 0 0 0 0 0 0 0 0 0 0 0 
同样 唯一 0.0 0 0 0 0 0 0 0 0 0 0 0 0 0 0 0 
两样 绝佳 0.0 0 0 0 0 0 0 0 0 0 0 0 0 0 0 0 
柔滑 甜香 0.0 0 0 0 0 0 0 0 0 0 0 0 0 0 0 0 
倔强 胆小怕事 0.0 0 0 0 0 0 0 0 0 0 0 0 0 0 0 0 
苍郁 峭拔 0.0 0 0 0 0 0 0 0 0 0 0 0 0 0 0 0 
聪明绝顶 胆小怕事 0.0 0 0 0 0 0 0 0 0 0 0 0 0 0 0 0 
浑身 妖艳 0.0 0 0 0 0 0 0 0 0 0 0 0 0 0 0 0 
活力四射 实足 0.0 0 0 0 0 0 0 0 0 0 0 0 0 0 0 0 
质朴 矫情 0.0 0 0 0 0 0 0 0 0 0 0 0 0 0 0 0 
澄澈 雾蒙蒙 0.0 0 0 0 0 0 0 0 0 0 0 0 0 0 0 0 
聪慧 贫寒 0.0 0 0 0 0 0 0 0 0 0 0 0 0 0 0 0 
