小心谨慎 谨慎小心 4.0 4 4 4 4 4 4 4 4 4 4 4 4 4 4 4 
繁琐 烦琐 4.0 4 4 4 4 4 4 4 4 4 4 4 4 4 4 4 
座椅 坐椅 4.0 4 4 4 4 4 4 4 4 4 4 4 4 4 4 4 
枝桠 枝丫 4.0 4 4 4 4 4 4 4 4 4 4 4 4 4 4 4 
辞藻 词藻 4.0 4 4 4 4 4 4 4 4 4 4 4 4 4 4 4 
游泳池 泳池 4.0 4 4 4 4 4 4 4 4 4 4 4 4 4 4 4 
深情厚谊 深情厚意 4.0 4 4 4 4 4 4 4 4 4 4 4 4 4 4 4 
普通百姓 普通老百姓 4.0 4 4 4 4 4 4 4 4 4 4 4 4 4 4 4 
梦呓 呓语 4.0 4 4 4 4 4 4 4 4 4 4 4 4 4 4 4 
裤兜 裤袋 4.0 4 4 4 4 4 4 4 4 4 4 4 4 4 4 4 
窗户 窗子 4.0 4 4 4 4 4 4 4 4 4 4 4 4 4 4 4 
猎犬 猎狗 4.0 4 4 4 4 4 4 4 4 4 4 4 4 4 4 4 
父母 爸妈 4.0 4 4 4 4 4 4 4 4 4 4 4 4 4 4 4 
午餐 午饭 4.0 4 4 4 4 4 4 4 4 4 4 4 4 4 4 4 
察觉 觉察 4.0 4 4 4 4 4 4 4 4 4 4 4 4 4 4 4 
说谎 撒谎 4.0 4 4 4 4 4 4 4 4 4 4 4 4 4 4 4 
污蔑 诬蔑 4.0 4 4 4 4 4 4 4 4 4 4 4 4 4 4 4 
遛弯 遛弯儿 4.0 4 4 4 4 4 4 4 4 4 4 4 4 4 4 4 
银灰色 银灰 4.0 4 4 4 4 4 4 4 4 4 4 4 4 4 4 4 
倔强 倔犟 4.0 4 4 4 4 4 4 4 4 4 4 4 4 4 4 4 
双眼 两眼 4.0 4 4 4 4 4 4 4 4 4 4 4 4 4 4 4 
猪场 养猪场 4.0 4 4 4 4 4 4 4 4 4 4 4 4 4 4 4 
风姿 丰姿 4.0 4 4 4 4 4 4 4 4 4 4 4 4 4 4 4 
奥运 奥运会 4.0 4 4 4 4 4 4 4 4 4 4 4 4 4 4 4 
零售价 零售价格 4.0 4 4 4 4 4 4 4 4 4 4 4 4 4 4 4 
男女老少 男女老幼 4.0 4 4 4 4 4 4 4 4 4 4 4 4 4 4 4 
侮辱 污辱 4.0 4 4 4 4 4 4 4 4 4 4 4 4 4 4 4 
想象 想像 4.0 4 4 4 4 4 4 4 4 4 4 4 4 4 4 4 
唯有 惟有 3.933333333333333 4 4 4 4 4 4 4 4 4 4 4 4 4 3 4 
虚无缥缈 虚无飘渺 3.933333333333333 4 3 4 4 4 4 4 4 4 4 4 4 4 4 4 
这几天 这些天 3.933333333333333 4 4 4 4 4 4 4 4 4 3 4 4 4 4 4 
销量 销售量 3.933333333333333 4 3 4 4 4 4 4 4 4 4 4 4 4 4 4 
警察局 警局 3.933333333333333 4 3 4 4 4 4 4 4 4 4 4 4 4 4 4 
衣衫 衣裳 3.933333333333333 4 3 4 4 4 4 4 4 4 4 4 4 4 4 4 
做伴 作伴 3.933333333333333 4 4 4 4 4 3 4 4 4 4 4 4 4 4 4 
环顾 环视 3.933333333333333 4 4 4 4 4 4 4 4 4 4 4 4 3 4 4 
亏本 赔本 3.933333333333333 4 4 4 4 4 4 4 4 4 4 4 4 3 4 4 
超出预期 超过预期 3.933333333333333 4 3 4 4 4 4 4 4 4 4 4 4 4 4 4 
移到 移至 3.933333333333333 4 4 4 4 4 3 4 4 4 4 4 4 4 4 4 
有些偏高 有点偏高 3.933333333333333 4 4 4 4 4 4 4 4 4 4 3 4 4 4 4 
故技 故伎 3.933333333333333 3 4 4 4 4 4 4 4 4 4 4 4 4 4 4 
汁液 汁水 3.933333333333333 4 4 4 4 4 4 4 4 4 4 4 4 4 4 3 
兵士 士卒 3.933333333333333 4 4 4 4 4 4 4 4 4 4 4 4 4 4 3 
红外 红外线 3.933333333333333 4 4 4 4 4 4 4 4 4 4 4 4 4 4 3 
寻找 寻觅 3.933333333333333 4 4 4 4 4 4 4 4 3 4 4 4 4 4 4 
做手术 动手术 3.933333333333333 3 4 4 4 4 4 4 4 4 4 4 4 4 4 4 
捉弄 作弄 3.933333333333333 4 4 4 4 4 3 4 4 4 4 4 4 4 4 4 
煮饭 烧饭 3.933333333333333 3 4 4 4 4 4 4 4 4 4 4 4 4 4 4 
作秀 做秀 3.933333333333333 4 4 4 4 4 3 4 4 4 4 4 4 4 4 4 
血红 血红色 3.8666666666666667 4 4 4 4 4 4 3 4 4 4 4 4 4 3 4 
有说服力 具有说服力 3.8666666666666667 4 2 4 4 4 4 4 4 4 4 4 4 4 4 4 
唯恐 惟恐 3.8666666666666667 4 4 4 4 4 4 4 4 4 4 4 4 4 3 3 
躲闪 闪躲 3.8666666666666667 4 3 4 4 3 4 4 4 4 4 4 4 4 4 4 
齐全 齐备 3.8666666666666667 4 4 4 3 4 3 4 4 4 4 4 4 4 4 4 
手电筒 电筒 3.8666666666666667 4 4 4 4 4 4 2 4 4 4 4 4 4 4 4 
外号 绰号 3.8666666666666667 4 4 4 4 3 4 4 4 4 4 4 4 4 4 3 
旅馆 旅店 3.8666666666666667 4 4 4 4 4 4 3 4 4 4 3 4 4 4 4 
窥视 窥探 3.8666666666666667 4 4 4 4 4 4 3 4 4 4 4 4 4 4 3 
缉拿 缉捕 3.8666666666666667 4 4 4 4 3 4 4 4 3 4 4 4 4 4 4 
屠杀 屠戮 3.8666666666666667 4 4 4 4 4 4 4 4 2 4 4 4 4 4 4 
悲鸣 哀鸣 3.8666666666666667 4 4 4 4 3 4 4 4 4 4 4 4 4 4 3 
战栗 颤栗 3.8666666666666667 4 4 4 4 4 3 3 4 4 4 4 4 4 4 4 
相互 互相 3.8 4 3 4 4 4 3 4 3 4 4 4 4 4 4 4 
絮絮叨叨 絮叨 3.8 4 4 4 4 4 4 3 3 4 4 4 4 4 4 3 
佐料 作料 3.8 4 4 4 3 3 4 4 4 4 3 4 4 4 4 4 
百货店 百货商店 3.8 4 1 4 4 4 4 4 4 4 4 4 4 4 4 4 
服侍 侍候 3.8 4 3 3 4 4 4 3 4 4 4 4 4 4 4 4 
作孽 造孽 3.8 4 3 4 4 4 4 4 4 4 3 4 4 4 3 4 
登陆舰 登陆艇 3.8 4 3 4 4 4 4 3 4 3 4 4 4 4 4 4 
眼泪 泪水 3.8 4 4 4 4 4 4 1 4 4 4 4 4 4 4 4 
账单 帐单 3.8 3 4 4 4 3 3 4 4 4 4 4 4 4 4 4 
效仿 仿效 3.8 4 4 3 4 4 3 4 4 3 4 4 4 4 4 4 
唯独 惟独 3.7333333333333334 4 4 4 4 4 4 4 4 4 4 1 4 4 3 4 
东南西北 东西南北 3.7333333333333334 3 4 4 4 4 4 3 3 4 4 4 4 4 3 4 
办公楼 办公大楼 3.7333333333333334 4 4 4 4 3 4 4 4 3 4 4 3 4 4 3 
垃圾桶 垃圾箱 3.7333333333333334 3 4 4 4 3 3 4 4 4 4 3 4 4 4 4 
施压 施加压力 3.7333333333333334 4 3 4 2 4 3 4 4 4 4 4 4 4 4 4 
火爆 火暴 3.6666666666666665 4 4 4 4 4 4 4 4 4 4 0 4 4 3 4 
颤巍巍 颤颤巍巍 3.6666666666666665 4 3 4 4 4 4 4 3 3 3 3 4 4 4 4 
葱郁 葱茏 3.6666666666666665 4 3 2 3 4 3 4 4 4 4 4 4 4 4 4 
炫目 眩目 3.6666666666666665 4 3 3 4 4 3 4 3 4 4 4 4 4 3 4 
秸秆 秸杆 3.6666666666666665 4 3 4 4 4 4 4 4 4 2 4 4 2 4 4 
纽扣 钮扣 3.6666666666666665 4 3 4 4 4 4 4 3 4 2 4 3 4 4 4 
微词 微辞 3.6666666666666665 4 4 4 4 4 4 4 4 4 4 0 4 4 3 4 
笑容 笑颜 3.6666666666666665 4 3 3 4 4 3 4 4 4 4 4 3 3 4 4 
换挡 换档 3.6666666666666665 4 2 4 4 4 4 4 4 2 4 4 4 4 3 4 
逃跑 逃走 3.6666666666666665 4 4 4 4 4 3 4 4 4 4 4 2 3 3 4 
源于 源自 3.6666666666666665 4 2 4 4 4 3 3 4 4 4 4 3 4 4 4 
晃荡 晃悠 3.6666666666666665 4 3 4 4 4 3 4 4 4 4 4 2 4 3 4 
课税 课征 3.6666666666666665 4 3 4 4 2 3 3 4 4 4 4 4 4 4 4 
信心十足 满怀信心 3.6666666666666665 4 3 4 4 3 3 4 3 4 4 4 4 3 4 4 
空难 飞机失事 3.6666666666666665 4 3 4 4 4 4 4 4 3 3 4 2 4 4 4 
黄金时段 黄金时间 3.6666666666666665 4 4 4 2 4 3 3 4 4 4 3 4 4 4 4 
亲友 亲朋好友 3.6666666666666665 3 3 4 4 2 4 3 4 4 4 4 4 4 4 4 
炽热 炙热 3.6 4 3 4 3 3 2 4 3 4 4 4 4 4 4 4 
文武双全 文武全才 3.6 4 3 4 4 3 4 4 3 4 3 4 4 3 3 4 
聪慧 聪颖 3.6 4 3 4 4 3 3 4 3 3 4 4 4 3 4 4 
漩涡 旋涡 3.6 4 4 4 4 4 4 4 4 4 4 2 4 4 2 2 
激增 猛增 3.6 4 3 4 4 4 3 3 3 3 4 4 3 4 4 4 
惊异 惊诧 3.6 3 3 4 4 3 4 4 3 2 4 4 4 4 4 4 
环视 四顾 3.6 3 3 4 3 4 4 3 4 4 4 4 3 3 4 4 
菜市场 菜场 3.6 3 4 4 4 3 3 2 4 3 4 4 4 4 4 4 
援军 援兵 3.6 4 4 4 4 4 3 3 3 3 2 4 4 4 4 4 
消暑 解暑 3.6 4 4 4 4 4 3 2 4 3 3 4 4 4 4 3 
尽全力 竭尽全力 3.533333333333333 4 3 3 3 3 4 4 4 4 4 4 4 3 3 3 
猜测 揣测 3.533333333333333 4 2 4 4 3 3 4 3 3 4 4 4 3 4 4 
飙升 急升 3.533333333333333 4 2 4 3 4 4 4 3 4 2 4 4 3 4 4 
慢腾腾 慢慢吞吞 3.533333333333333 3 4 4 3 4 4 4 4 3 3 4 4 4 3 2 
做作 造作 3.533333333333333 4 2 4 4 3 4 4 4 2 4 4 2 4 4 4 
坐垫 座垫 3.533333333333333 3 4 4 4 4 3 3 4 4 3 2 4 3 4 4 
嫌疑人 疑犯 3.533333333333333 3 4 3 4 3 3 3 4 4 3 4 3 4 4 4 
裤腿 裤管 3.533333333333333 4 4 4 4 4 4 1 1 3 4 4 4 4 4 4 
停止销售 停售 3.533333333333333 4 3 3 4 2 4 3 4 4 4 2 4 4 4 4 
护佑 佑护 3.533333333333333 3 3 4 4 4 3 3 4 4 4 4 3 4 3 3 
耳畔 耳旁 3.466666666666667 3 3 4 3 4 3 3 4 4 4 4 4 3 3 3 
鲜艳 艳丽 3.466666666666667 3 3 4 4 3 4 4 3 4 3 3 4 4 3 3 
孤身一人 孤身 3.466666666666667 3 3 4 4 4 3 3 4 3 3 4 4 3 4 3 
消防队员 消防员 3.466666666666667 3 4 4 4 3 3 4 3 4 3 3 4 3 3 4 
帽檐 帽沿 3.4 4 3 4 4 4 4 4 1 4 3 4 4 3 1 4 
除夕 除夕夜 3.4 2 3 3 4 3 4 4 4 4 4 4 4 4 2 2 
精神饱满 精神焕发 3.4 2 4 3 3 3 4 3 4 3 4 4 4 4 3 3 
第三名 季军 3.4 2 3 3 4 3 4 3 4 3 3 4 3 4 4 4 
采样 取样 3.4 3 4 4 4 3 3 3 3 3 3 4 3 4 4 3 
橘红色 桔红色 3.3333333333333335 4 4 4 4 4 4 4 1 4 4 2 4 4 1 2 
鲁莽 莽撞 3.3333333333333335 4 4 3 3 3 3 3 3 3 4 4 3 2 4 4 
绚丽多彩 绚丽多姿 3.3333333333333335 3 3 3 4 3 3 4 3 3 3 3 4 4 3 4 
决然 毅然决然 3.3333333333333335 3 2 4 4 3 4 3 3 4 4 4 3 3 3 3 
忐忑不安 忐忑 3.3333333333333335 3 2 3 4 3 3 3 3 3 4 4 4 3 4 4 
作怪 作祟 3.3333333333333335 4 1 4 3 4 3 4 3 2 4 4 4 2 4 4 
聪明 聪慧 3.3333333333333335 4 4 3 3 3 3 3 4 3 4 3 3 4 3 3 
匮乏 贫乏 3.3333333333333335 3 4 4 4 3 3 3 4 2 2 4 3 4 4 3 
机动车 机动车辆 3.3333333333333335 3 3 4 4 4 1 3 4 3 3 3 4 3 4 4 
寿宴 寿筵 3.3333333333333335 3 4 3 3 4 3 2 4 4 3 2 4 4 4 3 
账户 帐户 3.3333333333333335 4 4 4 2 3 3 1 4 4 4 2 4 3 4 4 
木棍 木棒 3.3333333333333335 3 4 3 4 3 3 4 2 3 4 4 3 3 4 3 
飞驰 疾驰 3.3333333333333335 2 3 3 3 3 4 3 4 2 3 4 4 4 4 4 
郁郁葱葱 葱郁 3.2666666666666666 4 3 4 2 3 3 4 3 3 2 3 4 3 4 4 
真挚 诚挚 3.2666666666666666 3 2 3 4 3 3 3 3 3 4 4 4 3 3 4 
泪水 泪珠 3.2666666666666666 3 4 3 4 4 2 3 4 3 2 4 3 3 3 4 
跪拜 叩拜 3.2666666666666666 4 4 2 4 4 3 2 3 3 2 4 3 3 4 4 
扎根 植根于 3.2666666666666666 2 4 4 3 3 2 4 3 4 4 4 3 4 1 4 
衣衫褴褛 褴褛 3.2666666666666666 2 3 4 4 4 3 2 4 3 3 3 4 3 3 4 
难以预料 难以预测 3.2666666666666666 3 3 3 4 3 3 3 4 3 3 4 3 3 4 3 
战功 军功 3.2666666666666666 2 4 3 4 4 4 3 4 3 3 2 3 4 3 3 
溪水 溪流 3.2666666666666666 3 4 3 3 3 3 3 4 3 3 3 4 4 3 3 
碰钉子 碰一鼻子灰 3.2666666666666666 3 3 3 3 3 3 4 4 2 3 3 4 4 4 3 
彪悍 剽悍 3.2 4 3 3 3 3 2 3 3 4 3 4 2 4 3 4 
简洁 简练 3.2 4 3 3 4 3 2 4 3 3 3 4 3 2 3 4 
蹒跚 步履蹒跚 3.2 3 2 4 4 4 3 4 2 2 3 4 3 3 3 4 
鼓舞人心 令人鼓舞 3.2 3 2 4 2 3 3 3 4 3 3 4 4 4 3 3 
真诚 真挚 3.2 3 4 3 4 4 3 3 2 3 3 3 3 4 3 3 
难以言表 难以名状 3.2 2 2 3 3 4 3 4 4 3 3 3 4 4 3 3 
精神抖擞 精神饱满 3.2 3 4 3 3 4 4 3 1 3 3 3 4 4 3 3 
热气腾腾 热腾腾 3.2 3 3 4 2 3 3 3 4 3 3 3 3 4 3 4 
轶事 逸事 3.2 2 4 3 2 4 3 2 4 3 4 3 4 4 2 4 
犯罪嫌疑人 嫌疑人 3.2 3 4 3 4 3 3 2 4 3 3 2 3 4 3 4 
攻防 攻守 3.2 2 3 3 4 3 3 3 1 3 3 4 4 4 4 4 
悲切 哀戚 3.2 3 4 3 3 4 3 3 2 3 3 3 3 4 4 3 
疲惫 疲惫不堪 3.2 3 3 3 3 4 3 3 4 4 3 3 3 3 3 3 
佩戴 佩带 3.2 4 4 3 4 3 3 3 2 3 4 3 3 3 3 3 
敬仰 景仰 3.2 3 4 3 3 3 3 3 3 3 3 4 3 4 3 3 
孤独 孤单 3.1333333333333333 3 1 4 4 3 3 3 2 4 3 4 3 3 3 4 
不能解决 无法解决 3.1333333333333333 3 1 4 3 4 3 3 3 3 2 4 3 3 4 4 
葱茏 苍郁 3.1333333333333333 2 2 3 3 3 3 3 4 4 1 4 4 3 4 4 
狡猾 诡计多端 3.1333333333333333 2 3 3 2 3 3 3 3 4 4 4 3 4 3 3 
路边 路旁 3.1333333333333333 3 3 3 3 4 1 4 3 4 2 4 3 3 3 4 
暴晒 曝晒 3.1333333333333333 4 3 3 4 3 2 4 3 4 3 4 3 3 1 3 
扎营 宿营 3.1333333333333333 2 1 4 2 3 3 4 4 3 4 4 3 2 4 4 
戏弄 戏耍 3.1333333333333333 3 2 3 4 3 4 4 3 3 3 3 3 3 3 3 
拉拢 笼络 3.1333333333333333 4 3 4 3 3 2 3 3 2 3 4 3 3 3 4 
恼人 令人烦恼 3.1333333333333333 3 4 3 4 2 3 3 4 3 3 3 4 3 3 2 
考虑不周 欠考虑 3.1333333333333333 2 3 3 2 2 4 3 4 4 3 4 3 4 3 3 
谦虚 谦逊 3.1333333333333333 3 3 3 3 3 3 3 4 3 3 3 3 3 3 4 
郁郁葱葱 葱茏 3.1333333333333333 3 3 3 3 3 4 2 4 3 2 4 3 4 3 3 
孤单 孤寂 3.1333333333333333 4 3 3 3 3 3 2 4 3 3 3 3 4 3 3 
傲慢 倨傲 3.1333333333333333 3 4 3 2 3 2 3 4 3 4 3 3 4 3 3 
击掌 拍掌 3.1333333333333333 3 4 3 4 3 3 3 4 4 2 2 3 3 3 3 
惩治 惩处 3.1333333333333333 3 3 3 4 3 3 3 3 3 3 3 3 4 3 3 
滋事 寻衅 3.1333333333333333 2 4 3 3 3 4 4 3 3 3 2 3 4 3 3 
妖艳 妖冶 3.066666666666667 3 2 2 4 4 3 4 2 3 3 4 4 2 3 3 
无尽 无穷无尽 3.066666666666667 3 3 3 4 3 3 4 1 3 4 3 3 3 3 3 
骁勇 悍勇 3.066666666666667 3 1 3 3 3 2 4 3 4 4 4 3 2 3 4 
习俗 风俗 3.066666666666667 3 2 4 1 3 3 3 3 3 4 4 3 3 4 3 
星象 星相 3.066666666666667 4 3 0 3 2 4 4 3 3 4 4 4 4 1 3 
头晕 头昏 3.066666666666667 3 4 3 3 3 3 3 3 3 1 4 3 3 4 3 
抗衡 匹敌 3.066666666666667 3 2 4 3 2 2 4 3 3 4 4 4 3 1 4 
走俏 俏销 3.066666666666667 2 3 4 3 3 4 2 3 4 3 3 3 3 3 3 
婀娜 婀娜多姿 3.066666666666667 3 3 4 3 3 3 3 4 2 3 3 3 3 3 3 
狼狈 狼狈不堪 3.066666666666667 2 3 3 3 4 3 3 4 3 3 3 3 3 3 3 
祖传 家传 3.066666666666667 2 4 3 3 3 3 3 3 3 3 4 3 3 3 3 
斗嘴 吵嘴 3.066666666666667 3 3 3 3 3 2 2 4 3 3 3 3 4 3 4 
盘膝 盘坐 3.066666666666667 3 3 4 4 3 2 3 2 3 3 3 4 4 2 3 
飞奔 狂奔 3.066666666666667 3 3 3 3 3 3 3 4 2 3 4 3 3 3 3 
寂寞 孤独 3.0 3 2 4 4 3 1 3 3 3 4 4 3 1 3 4 
孤苦伶仃 孤孤单单 3.0 3 4 3 2 3 2 3 3 3 2 4 3 3 4 3 
粘液 黏液 3.0 3 2 4 4 3 3 4 2 3 2 4 3 4 1 3 
惊奇 惊异 3.0 3 2 3 4 3 2 4 2 2 3 4 3 3 3 4 
耍花招 耍滑头 3.0 2 2 3 3 3 3 4 3 3 2 4 2 3 4 4 
狡诈 奸诈 3.0 3 3 3 3 3 3 3 4 2 3 2 3 4 3 3 
帷幔 幔帐 3.0 3 2 4 3 3 3 2 3 3 2 4 4 3 3 3 
牵扯 牵连 3.0 3 2 3 3 2 2 3 4 3 3 3 3 3 4 4 
黏糊糊 粘糊糊 2.933333333333333 2 1 4 1 4 2 4 2 4 4 3 4 3 3 3 
有意义 很有意义 2.933333333333333 3 2 3 3 3 3 3 3 3 3 4 3 3 2 3 
眼睛 双眼 2.933333333333333 3 3 3 3 3 3 3 3 3 2 4 2 3 3 3 
半夜三更 半夜里 2.933333333333333 3 1 4 3 3 2 3 3 3 3 3 3 3 3 4 
害羞 羞怯 2.933333333333333 3 2 3 3 3 1 3 3 4 2 4 3 3 3 4 
阐述 论述 2.933333333333333 4 2 4 1 4 1 4 4 2 3 4 2 3 2 4 
迫使 逼迫 2.933333333333333 3 2 4 4 2 2 4 3 3 2 3 3 3 3 3 
得意洋洋 洋洋自得 2.933333333333333 2 2 3 4 3 1 4 2 4 3 4 3 3 3 3 
见上帝 见马克思 2.933333333333333 3 3 3 3 3 3 3 3 1 3 4 3 3 3 3 
彩霞 云霞 2.933333333333333 3 3 3 3 3 3 3 3 3 4 3 3 3 3 1 
莽撞 冒失 2.933333333333333 3 3 3 2 2 3 3 3 3 3 3 3 4 3 3 
卑鄙 卑鄙无耻 2.933333333333333 3 3 3 3 3 3 3 3 2 2 3 3 4 3 3 
城郊 近郊 2.933333333333333 2 4 3 3 3 2 3 2 3 3 4 4 4 2 2 
太医 御医 2.933333333333333 2 3 3 1 3 3 3 4 3 3 4 3 3 3 3 
奉命 受命 2.933333333333333 2 2 3 3 2 3 3 4 3 3 3 3 3 3 4 
污渍 污迹 2.8666666666666667 3 3 3 3 3 1 3 3 3 4 2 3 3 3 3 
闲暇 闲暇时 2.8666666666666667 3 3 3 3 3 3 3 3 3 4 1 3 3 1 4 
狂妄 狂傲 2.8666666666666667 3 3 3 2 3 3 3 4 2 2 3 3 4 3 2 
花样百出 花样繁多 2.8666666666666667 2 3 3 3 3 3 3 3 3 3 2 3 3 3 3 
令人讨厌 令人生厌 2.8666666666666667 3 2 4 1 3 3 3 4 3 3 1 4 3 3 3 
英雄好汉 英雄豪杰 2.8666666666666667 3 3 3 2 3 3 2 3 3 3 3 3 3 3 3 
感叹 感慨 2.8666666666666667 4 3 3 2 3 2 2 3 3 3 3 3 3 3 3 
转瞬 倏忽 2.8 3 1 4 3 4 0 3 3 3 1 4 4 2 3 4 
郁郁葱葱 繁茂 2.8 3 2 4 2 2 2 3 3 3 2 4 2 3 4 3 
体育馆 体育场 2.8 2 2 3 3 3 2 2 4 3 3 4 3 3 3 2 
军士 士卒 2.8 3 3 3 3 3 3 3 3 3 3 1 3 3 3 2 
悔恨 痛悔 2.8 3 1 3 1 3 4 3 2 3 3 4 2 3 3 4 
精力充沛 精神百倍 2.8 2 3 3 3 3 3 3 3 3 2 3 3 3 3 2 
悠闲 闲适 2.8 3 3 3 3 3 3 2 3 2 2 1 3 4 3 4 
节俭 俭朴 2.8 3 3 3 2 3 3 3 4 2 2 3 3 3 2 3 
瘀血 血瘀 2.8 2 2 3 3 4 3 2 4 3 1 2 3 4 2 4 
扔到 丢到 2.8 2 2 3 3 4 4 2 4 2 3 1 3 3 3 3 
耀眼 夺目 2.7333333333333334 3 1 3 3 3 3 1 3 3 3 4 2 2 3 4 
怪异 奇异 2.7333333333333334 2 3 2 3 3 3 3 3 2 4 2 2 3 3 3 
闪亮 亮闪闪 2.7333333333333334 2 1 3 3 3 3 4 2 3 3 2 3 3 4 2 
急于 心切 2.7333333333333334 2 1 4 2 3 1 2 3 3 4 4 2 3 3 4 
国庆 国庆节 2.7333333333333334 3 3 3 4 3 2 3 4 2 2 4 3 0 3 2 
军士 兵士 2.7333333333333334 3 3 3 2 3 3 2 3 3 1 3 3 3 4 2 
童年 孩提时代 2.7333333333333334 1 3 3 4 3 2 4 3 2 1 3 3 3 3 3 
战舰 军舰 2.7333333333333334 2 3 2 3 3 4 3 2 2 3 3 3 2 2 4 
抢劫 抢走 2.7333333333333334 2 2 4 3 3 4 1 2 2 3 4 3 2 4 2 
肆意 恣意 2.7333333333333334 0 3 3 1 3 4 2 4 3 3 3 3 3 3 3 
穷人 贫民 2.7333333333333334 3 3 3 2 2 3 3 4 1 3 3 3 3 3 2 
赞歌 颂歌 2.7333333333333334 3 3 3 2 3 3 2 4 3 3 1 3 2 3 3 
安理会 联合国安理会 2.7333333333333334 1 4 3 3 2 1 2 3 4 3 1 4 4 2 4 
笑呵呵 笑盈盈 2.7333333333333334 3 3 3 2 3 3 3 4 2 3 2 3 2 3 2 
反绑 反剪 2.7333333333333334 3 3 3 2 3 2 2 2 3 3 3 3 4 3 2 
指头 手指头 2.6666666666666665 2 3 1 4 3 4 2 2 4 2 3 3 3 1 3 
盘腿 盘坐 2.6666666666666665 2 2 4 2 3 4 3 2 3 2 2 2 3 2 4 
疲劳 过度疲劳 2.6666666666666665 3 1 3 3 3 3 3 2 2 3 4 2 2 3 3 
鲜艳夺目 灿烂夺目 2.6666666666666665 3 2 3 3 3 3 3 3 2 3 2 2 3 3 2 
迷你 袖珍 2.6666666666666665 2 3 3 2 2 3 3 3 2 3 3 3 3 3 2 
狂妄自大 骄狂 2.6666666666666665 1 3 3 3 2 3 2 3 3 2 3 3 3 3 3 
奢侈 奢华 2.6666666666666665 2 2 3 1 3 3 3 3 3 3 3 3 3 3 2 
快艇 摩托艇 2.6666666666666665 4 1 3 3 1 3 2 1 3 4 4 3 3 3 2 
答应 满口答应 2.6666666666666665 2 3 3 2 3 3 3 3 1 3 3 3 2 3 3 
洞察 洞悉 2.6666666666666665 3 3 2 3 3 3 4 1 3 2 1 3 3 3 3 
真诚 诚实 2.6 3 3 2 3 2 2 3 3 2 4 3 3 1 2 3 
亲切 亲近 2.6 3 0 3 3 3 4 3 2 3 3 3 3 2 1 3 
粘膜 黏膜 2.6 2 2 4 4 3 1 4 1 4 1 2 4 4 1 2 
当权者 当政者 2.6 2 3 3 3 3 3 3 1 2 3 4 2 3 1 3 
泛滥 泛滥成灾 2.6 2 1 3 3 3 3 3 2 2 3 3 3 3 2 3 
激动不已 心潮澎湃 2.6 3 2 3 1 2 3 3 2 3 4 4 2 2 3 2 
追捕 捉拿 2.6 3 2 4 2 2 4 3 3 2 1 4 1 0 4 4 
急忙 慌忙 2.6 2 3 3 3 2 3 1 4 2 3 2 2 3 3 3 
眸子 双眸 2.6 3 2 3 2 2 3 2 2 3 3 3 2 4 3 2 
储存 储藏 2.6 3 2 3 3 3 3 3 3 2 3 3 2 0 3 3 
更替 更迭 2.6 2 2 2 3 2 3 3 4 2 3 3 3 1 3 3 
聪慧 伶俐 2.533333333333333 2 1 3 1 3 3 3 2 3 3 3 3 2 3 3 
布什 布什总统 2.533333333333333 2 3 3 4 2 3 3 1 1 3 4 4 2 1 2 
大户人家 富贵人家 2.533333333333333 2 1 3 3 2 3 2 2 3 2 4 3 2 3 3 
惊恐 惊惶 2.533333333333333 2 2 2 3 3 3 3 2 3 4 1 2 3 2 3 
短暂 刹那 2.533333333333333 3 3 2 3 2 3 1 3 3 2 3 2 3 3 2 
剽悍 骁勇 2.533333333333333 3 3 3 2 2 3 3 2 2 2 3 3 3 3 1 
有说服力 令人信服 2.533333333333333 2 2 3 1 2 4 3 1 2 2 3 3 3 3 4 
不能理解 难以理解 2.533333333333333 3 2 2 3 3 3 3 1 3 2 1 3 3 3 3 
茂密 郁郁葱葱 2.533333333333333 2 2 4 2 2 3 1 4 2 3 4 3 2 2 2 
妖艳 妖媚 2.533333333333333 3 2 3 1 3 3 2 2 2 2 3 2 4 3 3 
症状 病状 2.533333333333333 2 2 3 2 2 3 2 3 2 2 3 2 4 3 3 
医护人员 医务人员 2.533333333333333 2 3 3 1 2 3 3 2 1 3 2 3 3 4 3 
裤腿 裤脚 2.533333333333333 1 3 2 1 4 4 2 2 3 4 2 4 1 2 3 
疾驰 急驰 2.533333333333333 3 3 3 2 4 2 2 2 3 3 2 3 1 3 2 
妩媚 柔媚 2.466666666666667 2 2 3 2 2 1 2 3 3 3 4 2 3 2 3 
简要 扼要 2.466666666666667 3 2 2 3 3 3 3 1 2 4 2 1 3 2 3 
闪烁 闪耀 2.466666666666667 1 2 3 4 3 2 3 2 3 2 4 3 2 1 2 
痛骂 臭骂 2.466666666666667 2 3 2 2 3 2 3 3 1 2 4 2 3 1 4 
虚构 编造 2.466666666666667 2 2 3 3 2 2 3 2 2 3 4 1 3 2 3 
查处 查办 2.466666666666667 2 1 3 3 3 3 3 1 2 4 1 3 3 3 2 
单调 枯燥 2.466666666666667 3 3 3 2 1 4 2 3 2 2 2 2 2 3 3 
繁杂 烦琐 2.466666666666667 1 2 3 3 3 3 3 2 2 2 2 3 2 3 3 
纷杂 芜杂 2.466666666666667 2 3 3 2 3 3 3 2 2 2 2 2 3 3 2 
表情 神情 2.466666666666667 2 2 3 2 2 3 2 3 2 2 2 3 3 3 3 
期刊 刊物 2.4 3 0 2 4 3 1 3 3 1 3 4 2 2 2 3 
柴火 木柴 2.4 3 2 2 3 3 2 2 2 2 3 4 2 2 2 2 
伎俩 诡计 2.4 1 1 3 3 3 2 2 3 2 2 3 2 2 4 3 
流逝 消逝 2.4 3 1 3 3 3 3 3 3 1 3 3 1 3 1 2 
节俭 勤俭 2.4 3 3 2 2 3 3 2 2 2 2 3 2 3 2 2 
怪诞 乖谬 2.4 2 3 3 2 2 3 2 3 2 2 3 3 2 2 2 
巨子 巨擘 2.4 0 2 3 2 2 3 2 1 2 3 3 3 3 3 4 
专著 论著 2.4 1 2 2 1 2 3 3 2 3 3 2 3 4 3 2 
桌椅 桌椅板凳 2.4 3 4 2 2 2 2 2 4 1 1 2 3 3 3 2 
判刑 量刑 2.4 2 2 3 2 2 2 2 4 2 2 2 4 2 2 3 
吟唱 吟诵 2.4 2 3 2 2 3 3 2 1 2 3 2 2 3 3 3 
限于 仅限于 2.4 2 3 2 2 3 1 3 3 1 3 3 3 2 2 3 
柔软 柔韧 2.3333333333333335 3 1 2 4 3 1 2 2 2 3 3 1 3 2 3 
责骂 臭骂 2.3333333333333335 2 1 3 3 3 1 3 2 2 1 4 2 2 3 3 
壮观 雄伟 2.3333333333333335 2 2 3 1 3 3 2 3 2 2 2 3 3 2 2 
洞穴 洞窟 2.3333333333333335 1 3 2 3 2 1 2 2 2 2 4 3 2 3 3 
睡衣 睡袍 2.3333333333333335 2 3 3 3 2 2 3 2 2 2 2 2 2 3 2 
笑颜 笑靥 2.3333333333333335 1 2 3 2 3 3 2 2 2 2 1 3 3 3 3 
握有 在握 2.3333333333333335 3 1 2 3 2 3 3 2 2 2 2 3 2 3 2 
俯身 伏身 2.3333333333333335 2 2 2 2 3 3 1 4 2 3 2 3 1 3 2 
期待 期待已久 2.3333333333333335 2 2 3 1 3 2 3 3 2 2 3 3 2 3 1 
嫣红 艳红 2.2666666666666666 2 3 3 2 3 3 2 2 3 2 2 1 3 1 2 
参考书 参考资料 2.2666666666666666 2 2 2 3 3 3 3 2 2 1 3 2 2 2 2 
伙房 灶房 2.2666666666666666 3 1 3 4 3 2 3 1 3 1 3 2 2 1 2 
女流之辈 妇道人家 2.2666666666666666 3 1 3 3 3 1 3 2 1 1 4 2 3 1 3 
谦虚 谦虚谨慎 2.2666666666666666 2 2 2 1 2 3 3 3 2 3 2 2 2 3 2 
狡猾 奸诈 2.2666666666666666 2 3 3 3 2 3 2 1 2 1 2 1 3 3 3 
快捷 便捷 2.2666666666666666 3 2 3 1 2 3 2 1 2 3 2 3 3 2 2 
学前教育 幼儿教育 2.2666666666666666 2 3 2 3 2 1 1 2 3 3 2 2 3 3 2 
盲点 盲区 2.2666666666666666 2 2 3 2 2 3 3 1 2 1 2 3 3 3 2 
酒店 宾馆 2.2666666666666666 3 3 3 0 3 2 2 2 3 3 0 3 3 3 1 
泥潭 泥沼 2.2666666666666666 1 2 3 3 2 2 2 3 2 2 1 3 3 3 2 
震惊 惊异 2.2666666666666666 2 2 3 2 2 3 2 2 1 2 3 3 3 2 2 
疲乏 困倦 2.2666666666666666 3 3 2 1 2 3 2 2 2 2 3 2 1 3 3 
绚丽多姿 绚丽夺目 2.2 1 1 3 3 3 1 3 2 1 4 3 2 2 2 2 
变化万千 变幻无常 2.2 1 1 3 3 2 3 2 1 1 3 3 2 3 2 3 
主干道 干道 2.2 2 1 2 2 1 1 3 3 3 2 2 3 2 3 3 
传唤 传讯 2.2 1 1 2 1 3 2 3 3 2 3 3 3 3 0 3 
婀娜 绰约 2.2 3 2 3 1 2 2 3 1 2 2 3 3 3 2 1 
旅程 旅途 2.2 2 1 2 2 3 3 3 0 2 2 2 2 2 3 4 
常见病 多发病 2.2 1 2 2 1 2 3 3 4 2 3 1 3 2 2 2 
辱骂 污辱 2.2 2 2 2 3 2 3 2 3 1 2 2 2 2 3 2 
损坏 破损 2.2 2 1 3 0 3 2 3 2 3 2 2 3 2 3 2 
锐利 犀利 2.1333333333333333 3 1 3 2 3 1 1 2 2 4 3 1 3 1 2 
鲜亮 鲜艳夺目 2.1333333333333333 3 1 1 3 2 2 4 3 2 4 1 1 1 2 2 
深灰色 铁灰色 2.1333333333333333 1 3 3 2 3 1 3 2 3 3 2 1 2 1 2 
分数线 录取分数线 2.1333333333333333 1 1 2 4 3 2 3 2 2 1 3 2 2 1 3 
救灾 抗灾 2.1333333333333333 1 1 2 4 3 2 3 3 1 1 4 2 3 0 2 
电机 电动机 2.1333333333333333 2 2 0 1 2 3 2 3 4 3 2 2 2 2 2 
医疗费 医药费 2.1333333333333333 2 3 2 1 2 3 2 2 2 2 2 2 2 3 2 
融合 融入 2.1333333333333333 1 2 2 2 2 3 2 2 2 2 3 3 2 2 2 
拔腿 撒腿 2.1333333333333333 3 2 2 2 1 4 1 2 2 3 2 3 0 3 2 
湛蓝 碧蓝 2.066666666666667 2 2 2 1 3 2 1 2 3 2 3 2 2 2 2 
红色 鲜红 2.066666666666667 3 0 3 1 3 2 1 2 2 2 3 2 2 2 3 
婴儿 新生婴儿 2.066666666666667 1 2 3 3 3 1 3 2 1 1 3 2 2 1 3 
飞扬跋扈 狂妄自大 2.066666666666667 1 3 1 1 1 2 1 2 3 3 3 2 3 2 3 
增援 驰援 2.066666666666667 2 1 2 2 2 3 1 2 1 3 2 3 1 3 3 
风雨交加 风雨大作 2.066666666666667 2 2 2 3 2 2 2 2 1 1 2 3 2 3 2 
号啕大哭 痛哭失声 2.066666666666667 2 3 1 2 2 2 2 4 1 2 1 3 2 3 1 
改制 转制 2.0 1 0 2 3 2 2 4 2 2 3 2 2 2 1 2 
感佩 赞佩 2.0 2 1 2 2 3 2 3 2 2 1 3 2 2 1 2 
凄楚 凄迷 2.0 2 2 3 1 3 2 1 2 2 2 2 3 1 2 2 
旖旎 绮丽 2.0 3 2 2 1 2 1 3 1 1 2 2 3 3 1 3 
法律意识 法制观念 2.0 0 2 3 1 2 2 2 2 2 3 2 2 2 3 2 
外交 外交事务 2.0 3 2 2 1 2 1 1 0 2 2 2 2 2 4 4 
交手 交锋 2.0 1 2 3 1 2 3 2 2 1 2 2 3 2 2 2 
拉伤 肌肉拉伤 2.0 2 2 2 1 1 1 2 3 2 1 2 2 3 3 3 
红色 鲜红色 1.9333333333333333 3 1 3 1 3 3 1 1 2 1 1 2 2 3 2 
他处 彼处 1.9333333333333333 2 1 3 3 3 3 1 2 2 1 1 1 2 2 2 
诉说 述说 1.9333333333333333 3 1 2 2 3 2 3 2 1 1 3 2 2 1 1 
故意杀人罪 故意杀人 1.9333333333333333 1 1 3 1 2 1 1 0 3 2 1 3 3 3 4 
心里 心底 1.9333333333333333 2 2 2 1 3 2 3 1 1 2 3 3 0 2 2 
晶莹 剔透 1.8666666666666667 3 2 1 1 1 1 3 2 1 3 4 2 1 2 1 
灯具 灯饰 1.8666666666666667 1 3 2 3 3 3 3 0 3 2 0 1 2 0 2 
拉力赛 汽车拉力赛 1.8666666666666667 2 2 2 2 2 2 2 2 2 1 1 2 2 1 3 
妃嫔 姬妾 1.8666666666666667 3 1 2 1 1 1 3 1 2 1 3 1 3 3 2 
马克思主义 辩证唯物主义 1.8666666666666667 1 3 2 2 2 1 2 2 1 1 2 2 2 3 2 
拍手 击掌 1.8666666666666667 1 0 1 1 3 3 3 3 2 2 4 1 1 1 2 
喝斥 叱喝 1.8666666666666667 1 2 1 3 3 0 4 1 2 2 2 1 2 2 2 
绚丽多彩 光辉灿烂 1.8666666666666667 2 3 3 1 1 2 1 2 2 2 2 3 1 2 1 
贸易 对外贸易 1.8666666666666667 1 2 2 1 3 1 2 3 1 2 2 2 2 2 2 
企业 民营企业 1.8666666666666667 1 2 2 1 2 2 2 3 1 2 2 2 2 2 2 
词汇 单词 1.8666666666666667 3 2 2 1 3 1 2 2 2 1 2 3 2 1 1 
肝炎 肝病 1.8666666666666667 1 2 1 2 2 1 3 3 1 2 2 2 2 2 2 
葱翠 绿茵茵 1.8 1 0 3 3 1 2 2 1 2 2 3 1 3 1 2 
乐坛 歌坛 1.8 1 2 2 2 2 2 1 2 2 2 3 1 1 1 3 
年底 今年年底 1.8 1 1 3 2 2 2 2 2 1 1 3 2 2 1 2 
海浪 波涛 1.8 2 0 3 1 1 2 3 2 2 2 1 2 2 1 3 
文艺界 文学界 1.8 2 0 4 1 2 2 2 2 2 2 1 1 2 1 3 
卖艺 卖唱 1.8 2 1 2 1 2 2 2 2 3 1 1 2 2 2 2 
查询 查阅 1.8 2 0 2 2 1 1 3 2 1 2 2 2 2 3 2 
蓝色 淡蓝色 1.8 2 1 2 2 2 1 1 2 1 3 2 2 2 3 1 
水管 管子 1.8 2 2 2 1 2 2 1 3 1 2 2 2 1 3 1 
寻找 搜集 1.8 2 2 2 1 2 2 2 1 2 1 2 2 2 2 2 
艳丽 妖艳 1.7333333333333334 2 1 3 1 2 0 1 2 2 1 3 2 2 1 3 
期刊 报刊 1.7333333333333334 2 0 2 3 2 2 1 2 1 1 3 2 2 1 2 
内镜 胃镜 1.7333333333333334 2 1 2 2 2 2 2 2 2 1 2 2 2 1 1 
年迈 年老体弱 1.7333333333333334 1 1 2 2 2 1 2 1 1 2 2 3 2 2 2 
变化无常 难以预测 1.7333333333333334 1 2 1 1 1 3 1 3 3 2 0 2 3 1 2 
反证 反例 1.7333333333333334 0 1 2 2 2 1 1 2 2 2 2 2 3 3 1 
指挥官 统帅 1.7333333333333334 2 2 1 1 2 2 3 2 2 2 2 2 1 1 1 
示威者 抗议者 1.7333333333333334 2 1 2 2 1 2 2 2 3 2 1 2 0 2 2 
市场占有率 占有率 1.7333333333333334 1 2 3 2 2 1 2 1 1 2 2 2 2 2 1 
叩拜 叩谢 1.7333333333333334 3 1 2 4 2 2 1 1 1 2 1 1 0 3 2 
煲汤 煲粥 1.7333333333333334 2 1 2 2 2 1 1 1 3 1 1 2 2 3 2 
理工大学 工业大学 1.6666666666666667 2 1 1 3 2 2 2 1 2 1 3 1 1 1 2 
学者 经济学者 1.6666666666666667 1 2 2 2 2 2 2 2 1 1 2 2 2 1 1 
站牌 路牌 1.6666666666666667 2 3 2 3 1 1 2 1 1 1 2 2 1 1 2 
妩媚 俏丽 1.6666666666666667 2 2 2 1 1 1 1 3 2 2 3 1 2 2 0 
木讷 口拙 1.6666666666666667 1 1 2 1 1 0 2 3 1 2 2 2 2 3 2 
录像带 录音带 1.6666666666666667 1 1 2 2 2 2 2 0 1 2 3 2 2 2 1 
球员 球星 1.6666666666666667 1 2 1 1 2 1 2 1 1 2 2 2 3 3 1 
角色 主角 1.6666666666666667 1 2 1 1 2 1 2 2 1 2 2 2 2 2 2 
知识 专业知识 1.6666666666666667 1 2 2 1 2 1 2 2 1 2 2 2 1 2 2 
效益 经济效益 1.6666666666666667 1 1 2 1 1 1 2 3 1 2 2 2 2 2 2 
变速箱 变速器 1.6666666666666667 2 1 2 1 2 0 2 0 3 2 0 2 2 3 3 
争斗 纷争 1.6666666666666667 1 1 2 1 2 1 1 2 2 2 2 2 2 2 2 
苍翠 苍郁 1.6 0 2 2 0 3 1 2 1 1 3 2 2 0 3 2 
餐饮 餐饮业 1.6 2 1 0 3 2 3 2 1 1 2 4 1 0 1 1 
水流 溪水 1.6 1 1 2 2 2 1 2 2 1 1 3 1 2 1 2 
飘荡 摇荡 1.6 2 1 2 2 2 1 3 2 2 1 1 2 0 1 2 
不可一世 跋扈 1.6 1 2 1 1 2 1 2 3 1 2 2 1 1 2 2 
郁郁葱葱 苍翠 1.6 2 1 1 0 1 3 2 2 2 2 2 1 0 2 3 
绚丽 夺目 1.6 1 2 3 1 2 2 1 2 1 2 2 1 2 2 0 
砂纸 砂布 1.6 1 2 2 3 1 1 2 1 2 1 1 2 2 1 2 
雀跃 欢畅 1.6 1 1 2 1 1 1 2 2 1 1 2 2 3 2 2 
劳动模范 先进工作者 1.5333333333333334 2 0 1 1 2 0 2 2 1 4 3 1 2 1 1 
城垛 箭垛 1.5333333333333334 2 2 3 1 2 0 1 0 1 3 0 2 2 2 2 
胃病 慢性胃炎 1.5333333333333334 1 2 1 1 2 1 2 1 1 2 2 2 2 2 1 
感到遗憾 扼腕 1.5333333333333334 0 1 2 2 0 1 1 3 1 2 2 2 2 2 2 
气势汹汹 杀气腾腾 1.4666666666666666 2 1 2 3 1 0 1 2 1 1 3 2 2 0 1 
三明治 汉堡包 1.4666666666666666 1 0 2 2 4 2 1 1 1 1 3 1 1 1 1 
后轮胎 前轮胎 1.4666666666666666 2 2 1 1 2 2 1 2 1 2 1 2 1 1 1 
雪豹 金钱豹 1.4666666666666666 1 1 1 1 1 0 2 2 2 2 2 2 2 2 1 
商店 连锁店 1.4666666666666666 1 2 2 1 1 1 1 3 1 2 2 2 0 2 1 
说笑 嘻笑 1.4666666666666666 1 1 2 1 2 2 1 1 2 2 2 1 1 2 1 
激愤 激奋 1.4666666666666666 1 2 2 0 2 1 2 1 1 2 1 2 1 2 2 
景观 水景 1.4 2 1 2 2 1 1 2 1 1 1 1 2 2 1 1 
外甥 侄儿 1.4 1 0 2 3 2 2 1 1 0 0 3 1 3 1 1 
计算机辅助 计算机辅助设计 1.4 0 1 1 2 2 1 2 0 2 1 3 2 2 1 1 
裤头 泳裤 1.4 1 1 2 3 2 1 1 2 2 0 1 1 1 1 2 
学院 音乐学院 1.4 1 0 1 1 2 2 2 2 1 1 1 2 2 1 2 
隐患 祸根 1.4 3 1 1 1 2 0 2 3 1 1 3 1 1 0 1 
神侃 胡侃 1.4 1 1 2 1 3 1 3 1 1 1 1 1 3 0 1 
想象 试想 1.4 2 1 3 1 2 1 1 2 1 2 2 1 0 1 1 
母亲 爹娘 1.4 1 1 1 1 2 1 2 1 1 1 2 2 2 2 1 
羞愤 恼恨 1.4 1 2 2 0 1 1 2 2 1 1 1 2 3 1 1 
抗争 拼斗 1.4 1 1 2 1 1 1 1 2 1 2 1 3 1 1 2 
橘红 橘黄 1.3333333333333333 1 1 2 1 2 2 1 1 1 1 2 1 1 1 2 
双人床 单人床 1.3333333333333333 1 0 1 2 2 2 1 1 1 1 2 2 1 1 2 
专科学校 师范学校 1.3333333333333333 1 0 1 2 2 1 2 1 1 1 1 2 2 1 2 
报表 损益表 1.3333333333333333 1 0 1 1 2 0 1 1 1 1 3 3 2 1 2 
屠杀 虐杀 1.3333333333333333 1 1 2 2 2 0 1 1 1 1 1 2 2 2 1 
表演 跳舞 1.3333333333333333 1 1 2 1 2 2 2 2 1 0 3 1 0 1 1 
年初 一月份 1.3333333333333333 1 0 2 1 1 2 1 2 1 2 2 1 2 1 1 
流食 软食 1.3333333333333333 1 1 2 1 2 1 1 1 1 2 2 2 1 1 1 
靶心 箭靶 1.3333333333333333 0 1 2 1 3 1 1 2 0 2 0 0 2 2 3 
历史唯物主义 辩证唯物主义 1.3333333333333333 1 2 2 1 1 2 1 1 1 2 1 1 2 1 1 
强攻 快攻 1.3333333333333333 0 1 2 1 2 2 1 1 0 2 1 1 2 3 1 
粉红 艳红 1.2666666666666666 2 1 1 1 3 1 1 1 1 1 2 1 1 1 1 
中国银行 建设银行 1.2666666666666666 1 0 2 1 1 2 1 2 1 1 2 2 1 1 1 
挂钟 石英钟 1.2666666666666666 1 1 1 1 2 2 1 2 1 1 1 1 1 1 2 
剥蚀 浸蚀 1.2666666666666666 2 0 1 2 1 0 2 1 2 1 3 1 1 1 1 
哀婉 柔婉 1.2666666666666666 1 2 2 1 1 0 1 0 1 1 1 2 2 3 1 
先进 一流 1.2666666666666666 1 1 1 1 2 1 0 1 1 2 2 1 2 2 1 
修养 学识 1.2666666666666666 1 1 2 1 2 1 0 1 0 1 2 2 2 2 1 
夜空 苍穹 1.2666666666666666 1 1 1 1 2 1 2 1 1 1 2 2 1 1 1 
代理人 委托人 1.2666666666666666 1 1 0 1 0 2 1 2 3 1 2 0 2 2 1 
蛙泳 蝶泳 1.2666666666666666 1 1 1 1 1 2 1 2 1 1 1 1 1 2 2 
草药 良药 1.2666666666666666 1 1 2 1 1 1 1 1 0 1 2 2 2 2 1 
灰蒙蒙 雾蒙蒙 1.2 0 0 2 3 2 0 3 1 1 1 1 1 1 1 1 
绚丽 炫目 1.2 0 0 2 1 3 2 1 2 0 1 2 1 1 1 1 
深红色 橙红色 1.2 1 0 2 1 3 1 1 1 1 1 1 1 1 1 2 
粉红 暗红 1.2 1 1 2 1 2 0 1 1 1 1 3 1 1 1 1 
壮丽 大气磅礴 1.2 0 0 1 2 1 2 1 2 1 1 2 1 2 1 1 
太阳系 银河系 1.2 1 0 2 2 2 2 1 2 1 1 0 1 1 1 1 
老婆婆 老爷爷 1.2 1 1 1 1 2 1 1 1 1 1 3 1 1 1 1 
代理商 分销商 1.2 1 0 1 1 1 1 2 1 1 1 4 1 1 1 1 
草丛 灌木丛 1.2 0 0 2 1 1 1 1 2 1 1 3 1 1 2 1 
痢疾 肠道疾病 1.2 0 1 1 2 2 1 2 2 1 1 0 2 1 1 1 
奖章 奖旗 1.2 1 1 1 3 1 1 1 1 1 1 2 1 1 1 1 
公务 外事 1.2 1 1 2 1 1 2 1 2 1 1 2 0 1 1 1 
街头 十字路口 1.2 1 0 2 1 1 0 2 2 1 1 1 1 1 1 3 
难闻 呛人 1.2 2 1 2 1 0 1 1 0 2 0 2 1 2 1 2 
谦卑 卑屈 1.2 1 3 2 0 1 1 2 1 1 1 1 1 0 1 2 
水桶 水瓢 1.2 1 1 1 1 1 1 1 1 1 1 2 2 2 1 1 
知府 县令 1.2 1 2 1 1 1 1 2 0 1 2 1 1 1 2 1 
他家 她家 1.2 1 1 1 1 1 1 1 1 1 1 1 2 1 2 2 
庇佑 赐福 1.2 1 1 2 0 1 1 1 1 1 2 2 2 1 1 1 
注塑 压铸 1.2 0 1 2 3 1 1 1 1 0 3 1 2 0 1 1 
编织 织布 1.2 2 1 2 0 2 1 0 2 1 1 0 2 2 1 1 
易燃 易爆 1.1333333333333333 0 1 1 2 2 0 1 1 1 0 3 2 1 1 1 
扁桃体炎 咽喉炎 1.1333333333333333 1 0 1 1 2 0 2 1 1 1 3 1 1 1 1 
机型 型号 1.1333333333333333 1 0 2 1 1 1 2 2 0 0 1 1 2 1 2 
附赠 奉送 1.1333333333333333 1 1 2 1 1 0 1 0 2 2 1 1 2 1 1 
山峰 丘陵 1.1333333333333333 1 0 2 1 1 0 1 1 1 1 3 1 0 1 3 
邪恶 奸诈 1.1333333333333333 1 2 2 0 1 1 1 1 1 1 1 1 1 1 2 
椭圆形 球形 1.1333333333333333 0 1 1 1 2 0 1 2 1 2 2 1 0 2 1 
唯一 专有 1.1333333333333333 1 1 2 0 1 2 1 0 1 2 2 2 0 1 1 
锦标赛 巡回赛 1.1333333333333333 1 1 1 1 1 1 2 1 1 2 1 1 1 1 1 
春季 今春 1.1333333333333333 1 1 2 1 1 1 1 1 1 1 1 1 1 2 1 
乘法 除法 1.1333333333333333 1 1 1 1 1 1 1 1 1 2 2 1 1 2 0 
全市 全县 1.1333333333333333 1 1 1 0 1 1 1 1 1 2 1 2 1 2 1 
外孙 外孙女 1.1333333333333333 1 1 0 1 1 1 2 2 1 1 1 1 1 2 1 
暑假 寒假 1.1333333333333333 1 1 1 1 1 1 1 2 1 2 1 1 1 1 1 
作案 盗窃 1.1333333333333333 1 1 1 0 1 1 2 1 1 1 2 2 1 2 0 
骗财 骗色 1.1333333333333333 1 1 1 1 1 2 2 0 1 0 1 1 2 2 1 
苍翠 葱茏 1.0666666666666667 0 2 1 1 2 0 2 0 0 1 3 2 0 1 1 
母系 父系 1.0666666666666667 1 0 1 1 2 1 1 1 1 1 2 1 1 1 1 
易懂 简明扼要 1.0666666666666667 2 0 0 2 2 0 0 2 1 1 4 1 0 1 0 
主教练 主帅 1.0666666666666667 2 0 1 1 2 0 1 2 1 1 1 2 1 0 1 
甲苯 二甲苯 1.0666666666666667 1 0 1 1 2 0 1 1 2 1 1 2 1 1 1 
胃癌 直肠癌 1.0666666666666667 1 1 1 1 1 0 2 2 2 1 0 1 1 1 1 
水产品 淡水鱼 1.0666666666666667 1 0 1 2 2 2 2 2 0 0 0 1 1 1 1 
曲调 唱腔 1.0666666666666667 0 1 1 1 2 0 1 1 2 2 2 0 0 1 2 
姑父 舅父 1.0666666666666667 1 0 1 2 2 2 1 1 1 0 3 1 0 1 0 
融汇 糅合 1.0666666666666667 1 0 1 2 1 1 1 2 1 1 1 0 1 2 1 
统帅部 参谋部 1.0666666666666667 1 2 1 1 1 0 2 2 2 1 0 1 1 1 0 
相对主义 客观主义 1.0666666666666667 1 0 1 2 0 1 1 1 1 1 3 1 1 1 1 
颗粒状 粒状 1.0666666666666667 2 0 3 1 3 0 1 2 0 1 1 0 0 0 2 
码头 渔港 1.0666666666666667 0 1 1 0 1 0 2 0 1 1 2 2 2 2 1 
考题 作文题 1.0666666666666667 1 2 1 1 1 1 1 1 0 2 1 2 0 1 1 
贸易政策 贸易保护 1.0666666666666667 1 2 1 1 1 1 1 0 0 1 2 2 2 1 0 
巷子 巷口 1.0666666666666667 1 1 1 0 1 1 1 3 1 2 0 0 2 2 0 
杉木 杂木 1.0666666666666667 1 1 1 1 1 1 1 2 1 1 1 1 1 1 1 
论点 论据 1.0666666666666667 1 2 0 1 1 0 1 0 2 1 2 1 1 2 1 
元音 辅音 1.0666666666666667 1 1 0 1 1 1 1 2 1 2 1 1 1 1 1 
南部地区 北部地区 1.0666666666666667 1 1 0 1 1 1 1 2 1 2 1 1 1 1 1 
东北角 西北角 1.0666666666666667 1 1 0 1 1 1 1 2 1 2 1 1 1 1 1 
签字 盖章 1.0666666666666667 2 1 1 0 1 2 1 1 1 1 1 1 1 1 1 
苍翠 葱郁 1.0 0 1 2 1 2 0 3 0 0 1 3 0 0 1 1 
星期天 星期六 1.0 1 0 1 0 1 1 1 1 1 1 3 1 1 1 1 
南部 北部 1.0 1 1 1 1 2 1 1 1 1 1 1 1 0 1 1 
东门 南门 1.0 1 0 1 1 2 1 1 1 1 1 1 1 1 1 1 
西南 西北 1.0 2 1 1 1 1 1 1 1 1 1 1 1 0 1 1 
西北角 西南角 1.0 2 1 1 1 1 1 1 1 1 1 0 1 1 1 1 
金奖 铜奖 1.0 1 1 1 1 1 1 1 1 1 1 1 1 1 1 1 
西站 北站 1.0 1 0 1 1 1 1 1 1 2 1 1 1 1 1 1 
伯父 伯母 1.0 1 0 1 1 2 1 1 1 0 1 3 1 1 0 1 
枸杞 党参 1.0 1 0 1 1 0 1 1 1 1 1 3 1 1 1 1 
盟兄 盟弟 1.0 1 0 1 3 1 1 1 1 1 1 1 1 1 1 0 
样本 标本 1.0 0 0 2 2 1 2 1 0 1 3 1 2 0 0 0 
阴森森 黑洞洞 1.0 3 1 1 0 1 2 1 1 1 1 1 1 0 1 0 
彬彬有礼 谦和 1.0 1 1 1 0 1 0 1 2 2 2 0 1 1 1 1 
繁茂 苍翠 1.0 1 0 1 0 0 3 1 3 0 1 1 1 1 2 0 
圣诞节 感恩节 1.0 1 1 1 1 1 1 1 1 1 1 1 1 1 1 1 
股票市场 熊市 1.0 0 2 2 1 1 0 1 0 0 1 0 2 2 2 1 
偶像 巨星 1.0 1 1 2 1 1 1 1 0 0 1 2 1 0 2 1 
牛仔裤 牛仔 1.0 0 1 1 0 1 3 1 0 1 1 2 2 2 0 0 
私立学校 公立学校 1.0 1 1 1 1 1 1 1 1 1 1 1 1 1 1 1 
书桌 书柜 1.0 1 2 2 0 1 0 2 2 1 1 1 0 0 1 1 
民主党人 共和党人 1.0 1 1 0 1 1 1 1 1 1 2 1 1 1 1 1 
表姐 表妹 1.0 1 1 0 1 1 1 1 1 1 2 1 1 1 1 1 
前妻 前夫 1.0 1 1 0 1 1 1 1 2 1 1 1 1 1 1 1 
春季 秋季 1.0 1 1 0 1 1 1 1 2 1 1 1 1 1 1 1 
傻笑 奸笑 1.0 1 2 1 1 1 0 1 1 1 1 1 1 1 1 1 
规范化 制度化 1.0 0 2 1 0 1 1 1 1 1 2 0 2 1 1 1 
精神焕发 面色红润 0.9333333333333333 0 0 2 1 0 0 1 2 0 2 1 2 2 1 0 
五彩缤纷 各色各样 0.9333333333333333 0 0 1 2 2 1 0 1 1 2 1 1 2 0 0 
东北部 西北部 0.9333333333333333 2 1 1 1 0 1 1 1 1 1 0 1 1 1 1 
西侧 北侧 0.9333333333333333 1 0 1 1 1 1 1 1 2 1 1 1 0 1 1 
西边 南边 0.9333333333333333 1 0 1 1 1 1 1 1 2 1 1 1 0 1 1 
坐相 站相 0.9333333333333333 1 0 1 1 1 1 1 1 1 1 1 1 1 1 1 
工业革命 资产阶级革命 0.9333333333333333 1 0 1 1 1 1 1 1 2 1 1 0 1 1 1 
甘蔗 甘薯 0.9333333333333333 1 1 0 1 1 1 1 1 1 1 1 1 1 1 1 
水产 淡水鱼 0.9333333333333333 1 1 1 0 1 0 1 0 0 1 2 2 2 2 0 
中国科学院 社会科学院 0.9333333333333333 1 1 1 1 1 0 1 0 0 2 1 1 2 1 1 
火山岩 沉积岩 0.9333333333333333 1 1 1 1 1 1 1 1 1 1 1 1 0 1 1 
舰队 战舰 0.9333333333333333 0 1 2 0 1 1 1 0 1 1 2 0 2 1 1 
蚊子 苍蝇 0.9333333333333333 1 1 1 0 1 1 1 1 1 1 1 1 1 1 1 
船头 船尾 0.9333333333333333 1 1 0 1 1 1 2 0 1 1 1 1 1 1 1 
暗笑 莞尔 0.9333333333333333 1 1 1 0 1 1 1 0 1 1 1 2 1 1 1 
失望 遗憾 0.9333333333333333 1 2 2 1 2 0 1 1 0 1 0 2 1 0 0 
敲诈 实施犯罪 0.9333333333333333 1 1 1 0 1 1 1 1 0 1 2 1 1 2 0 
深蓝色 墨绿色 0.8666666666666667 0 0 1 0 2 0 1 2 1 1 2 1 0 1 1 
唯一 不同寻常 0.8666666666666667 1 0 1 0 1 0 0 0 3 0 4 1 0 0 2 
西边 东边 0.8666666666666667 1 0 1 1 1 1 1 1 1 1 0 1 1 1 1 
东北角 西南角 0.8666666666666667 1 1 1 1 0 1 1 1 1 1 1 1 0 1 1 
专卖店 连锁店 0.8666666666666667 1 0 2 0 1 0 1 1 1 1 1 1 1 1 1 
颜色 底色 0.8666666666666667 1 0 0 1 2 1 0 1 1 1 1 1 1 1 1 
理工大学 工学院 0.8666666666666667 0 1 1 2 1 0 1 0 2 1 2 1 1 0 0 
天文学 地质学 0.8666666666666667 1 0 1 1 1 0 1 1 2 1 1 1 0 1 1 
教育者 指导者 0.8666666666666667 0 0 2 1 0 0 2 1 0 0 3 1 1 1 1 
烤鸡 烤乳猪 0.8666666666666667 1 0 1 1 1 1 1 1 1 1 0 1 1 1 1 
笔法 笔锋 0.8666666666666667 0 0 1 1 1 1 2 1 1 1 1 1 0 0 2 
肉搏 对攻 0.8666666666666667 0 1 0 1 1 0 1 2 1 1 2 1 0 1 1 
令人费解 不合情理 0.8666666666666667 1 0 1 1 1 1 1 1 0 1 0 1 2 1 1 
红色 黄色 0.8666666666666667 1 1 0 1 1 1 1 1 1 1 1 0 1 1 1 
逆向 非常规 0.8666666666666667 0 1 2 0 1 2 0 1 0 1 1 2 1 0 1 
监视器 录像机 0.8666666666666667 1 1 1 0 1 1 1 0 0 1 1 1 1 2 1 
芒果 桔子 0.8666666666666667 1 1 0 0 1 1 1 1 1 1 1 1 1 1 1 
彻底 突破性 0.8 0 0 1 0 0 1 1 1 2 3 2 1 0 0 0 
西侧 南侧 0.8 1 1 1 0 1 1 1 1 1 1 0 1 0 1 1 
空军 我军 0.8 1 0 1 1 1 1 2 1 0 1 0 0 1 1 1 
保镖 家丁 0.8 1 1 1 2 0 0 1 1 0 0 1 1 1 1 1 
生理学 病理学 0.8 1 0 1 1 1 0 1 1 1 1 0 1 1 1 1 
繁茂 葱绿 0.8 0 0 1 0 0 2 1 3 1 1 0 1 0 1 1 
清晰明了 精当 0.8 1 1 1 0 0 2 1 1 2 2 1 0 0 0 0 
都城 内城 0.8 0 1 2 1 1 1 0 2 0 1 0 1 0 1 1 
学士学位 毕业文凭 0.8 1 0 1 0 1 0 1 0 1 2 1 2 1 1 0 
头球 任意球 0.8 0 1 1 0 1 1 1 1 1 0 0 1 1 2 1 
厂矿 工矿企业 0.8 0 1 2 0 1 3 0 0 0 1 0 0 1 2 1 
乳白色 淡黄色 0.7333333333333333 0 0 1 1 1 1 1 1 0 1 1 1 0 1 1 
难以捉摸 变化多端 0.7333333333333333 0 1 1 1 1 0 0 0 2 0 3 1 0 1 0 
橘黄色 桃红色 0.7333333333333333 0 0 1 1 1 0 1 1 1 1 1 1 0 1 1 
妻子 丈夫 0.7333333333333333 1 1 1 1 0 1 1 1 0 0 3 0 0 1 0 
楼盘 房源 0.7333333333333333 0 0 0 0 1 2 1 0 1 2 3 1 0 0 0 
草莓 柠檬 0.7333333333333333 1 0 1 1 1 0 1 1 0 1 0 1 1 1 1 
病理学 细胞学 0.7333333333333333 1 0 1 1 1 0 1 1 1 1 1 0 1 1 0 
鄙夷 嘲弄 0.7333333333333333 1 1 0 1 0 1 1 2 1 0 1 1 0 1 0 
运到 抢运 0.7333333333333333 0 0 2 1 1 0 1 1 1 1 1 1 1 0 0 
南疆 边陲 0.7333333333333333 0 0 1 2 2 0 2 2 0 0 1 0 0 0 1 
甘甜 爽口 0.7333333333333333 1 0 1 1 0 0 1 1 1 1 1 1 1 1 0 
荒谬 漏洞百出 0.7333333333333333 2 1 1 0 0 0 0 1 1 1 1 1 1 0 1 
思想 作风 0.7333333333333333 0 1 1 0 1 1 1 1 1 2 0 0 1 1 0 
立法权 审判权 0.7333333333333333 1 1 0 0 1 1 1 1 0 1 1 0 1 1 1 
中国科学院 工程院 0.7333333333333333 1 1 1 1 1 0 1 0 0 1 2 0 0 1 1 
微积分 概率论 0.7333333333333333 1 1 0 0 1 0 0 1 1 1 1 1 1 1 1 
番茄 南瓜 0.7333333333333333 1 1 0 0 1 0 1 1 1 1 1 0 1 1 1 
开发商 房地产商 0.7333333333333333 1 1 1 0 0 1 1 1 1 0 0 2 1 1 0 
研讨会 招待会 0.7333333333333333 1 1 1 0 1 0 2 0 1 1 1 0 0 1 1 
压缩机 汽油机 0.7333333333333333 0 1 1 1 0 1 1 2 1 1 0 1 0 0 1 
外销 内销 0.7333333333333333 1 1 0 1 1 0 0 1 1 1 1 1 0 1 1 
友善 谦和 0.6666666666666666 1 1 1 1 0 0 0 1 1 0 1 1 0 1 1 
无能 愚昧 0.6666666666666666 0 0 1 1 0 0 0 1 1 1 2 1 1 0 1 
条目 词条 0.6666666666666666 0 0 1 1 2 0 1 1 1 1 1 0 0 1 0 
战斗机 舰只 0.6666666666666666 1 0 2 0 0 1 1 1 1 1 0 0 0 1 1 
教育局 物价局 0.6666666666666666 1 0 1 0 1 1 1 1 1 0 0 1 1 1 0 
躯干 前臂 0.6666666666666666 0 0 2 0 0 2 1 2 0 1 0 0 2 0 0 
野草 灌木丛 0.6666666666666666 0 0 1 1 1 0 1 1 1 0 2 1 0 1 0 
主演 合演 0.6666666666666666 0 0 1 1 1 1 1 0 0 1 2 1 1 0 0 
管理费 佣金 0.6666666666666666 1 1 1 0 1 0 0 1 0 1 1 1 0 1 1 
邮政局 邮政储蓄 0.6666666666666666 0 1 2 0 0 1 0 0 0 3 0 2 1 0 0 
肺炎 哮喘 0.6666666666666666 0 1 1 0 0 0 1 0 1 2 0 1 0 1 2 
资本主义社会 奴隶社会 0.6666666666666666 1 1 0 1 1 0 0 1 0 0 1 0 1 2 1 
通货膨胀 通货紧缩 0.6666666666666666 0 1 0 1 1 1 0 0 1 1 1 1 0 1 1 
归侨 侨眷 0.6666666666666666 0 1 0 0 1 1 0 0 1 2 0 1 1 1 1 
材料 香料 0.6666666666666666 0 0 1 0 1 1 0 2 0 0 2 1 1 1 0 
瞒报 营私舞弊 0.6666666666666666 0 1 1 0 1 1 1 0 1 1 1 1 0 1 0 
共存 溶合 0.6666666666666666 0 1 1 0 0 0 1 1 1 1 1 1 0 1 1 
红色 淡蓝色 0.6 1 0 1 1 1 0 1 1 0 1 0 1 0 0 1 
红火 走俏 0.6 0 1 2 1 1 0 1 0 1 0 1 1 0 0 0 
生理性 病理性 0.6 0 0 2 1 1 0 0 1 2 0 0 1 1 0 0 
赛季 赛季前 0.6 0 0 1 1 1 1 1 1 1 1 0 1 0 0 0 
势力 势力范围 0.6 0 0 0 2 2 1 1 0 0 1 0 1 0 1 0 
学年 三年级 0.6 0 0 1 1 1 1 1 0 0 0 0 1 2 1 0 
怒斥 挞伐 0.6 0 0 2 1 0 0 2 0 1 1 1 0 1 0 0 
难以理解 不合情理 0.6 0 1 1 0 1 0 1 2 0 0 0 2 0 0 1 
短期 阶段性 0.6 0 0 1 0 0 1 1 0 1 0 1 2 1 1 0 
逃犯 交通肇事逃逸 0.6 0 0 2 0 1 1 0 0 1 1 0 0 2 1 0 
姐妹 伯母 0.6 1 1 0 0 1 0 0 1 1 1 1 1 0 1 0 
屯垦 戍边 0.6 0 1 1 0 1 0 1 0 0 1 1 0 1 1 1 
茂密 苍翠 0.5333333333333333 0 1 2 0 1 0 1 0 0 1 1 0 0 1 0 
浪漫 温情 0.5333333333333333 1 0 2 1 0 0 1 2 0 0 0 1 0 0 0 
年底 年初 0.5333333333333333 1 0 1 0 1 0 0 0 1 1 0 1 0 1 1 
买主 卖主 0.5333333333333333 0 1 1 1 1 0 1 1 0 0 0 1 0 1 0 
部队 士兵 0.5333333333333333 0 1 1 2 0 0 2 0 0 0 1 1 0 0 0 
富户 乡绅 0.5333333333333333 0 0 0 0 1 0 1 1 0 0 3 1 0 1 0 
东部 北部地区 0.5333333333333333 1 0 1 0 0 1 0 1 1 1 0 1 0 0 1 
政界 文化界 0.5333333333333333 1 0 0 1 0 0 1 1 0 1 0 1 1 1 0 
结肠炎 溃疡病 0.5333333333333333 0 0 1 1 1 0 0 1 0 1 2 0 0 1 0 
公约 禁令 0.5333333333333333 0 0 1 2 0 0 0 1 0 1 2 0 0 1 0 
补偿金 扶养费 0.5333333333333333 0 0 1 1 1 0 1 1 1 1 0 1 0 0 0 
党章 党务 0.5333333333333333 0 0 1 1 1 1 0 1 1 1 0 1 0 0 0 
呼吸道 外耳道 0.5333333333333333 0 0 1 1 1 0 1 0 1 1 0 0 1 1 0 
息肉 脂肪瘤 0.5333333333333333 0 1 1 1 2 0 0 1 0 0 0 0 1 1 0 
唠叨 瞎说 0.5333333333333333 0 0 2 1 1 0 0 2 0 1 0 1 0 0 0 
帐篷 雨伞 0.5333333333333333 0 0 1 0 1 1 1 0 1 0 1 0 0 1 1 
脸部 肚脐 0.5333333333333333 1 0 1 0 0 0 1 1 0 1 1 0 0 1 1 
愚蠢 鲁莽 0.4666666666666667 0 0 1 1 0 0 0 2 1 1 0 1 0 0 0 
橙黄色 粉白色 0.4666666666666667 0 0 1 1 0 0 1 1 0 0 1 1 0 0 1 
绿营 蓝营 0.4666666666666667 0 0 1 0 1 1 0 2 1 0 0 0 0 1 0 
脸蛋 娃娃脸 0.4666666666666667 0 0 1 0 1 0 1 1 0 1 0 0 1 1 0 
股票 股票市场 0.4666666666666667 0 0 0 1 1 1 1 1 0 1 0 0 0 1 0 
枯树 枝桠 0.4666666666666667 0 0 1 2 0 0 0 0 0 1 3 0 0 0 0 
治本 治标 0.4666666666666667 0 1 1 0 0 0 0 2 1 0 1 1 0 0 0 
急于 贸然 0.4666666666666667 0 0 1 0 1 1 0 2 0 1 0 1 0 0 0 
野兔 黄羊 0.4666666666666667 1 1 0 0 0 0 1 0 0 1 1 0 1 1 0 
丫头 姨娘 0.4666666666666667 1 1 0 0 1 0 0 1 0 1 0 0 0 1 1 
政协 人大常委会 0.4666666666666667 0 1 1 0 0 0 0 0 1 1 0 1 0 1 1 
走势 涨幅 0.4666666666666667 0 0 1 0 1 1 1 0 0 1 0 0 2 0 0 
判决 庭审 0.4666666666666667 0 0 1 0 1 0 1 0 1 1 0 0 1 1 0 
辩解 矢口否认 0.4666666666666667 1 1 1 0 1 0 1 1 0 0 0 0 0 0 1 
自责 痛心 0.4666666666666667 0 1 0 0 1 0 0 1 0 1 0 2 0 1 0 
勤快 贤惠 0.4 0 0 0 0 0 0 0 2 0 0 2 1 0 1 0 
飘逸 俏丽 0.4 0 0 0 0 0 2 1 1 0 0 1 0 0 1 0 
精彩 炫目 0.4 0 0 0 1 0 0 0 2 0 0 2 0 0 1 0 
干燥 酷热 0.4 0 0 1 0 1 0 0 0 0 0 2 1 0 1 0 
姐夫 表弟 0.4 1 0 1 0 0 0 1 1 0 0 0 0 0 1 1 
耗子 蝎子 0.4 0 0 1 1 1 0 1 0 0 0 0 1 0 1 0 
一家人 兄弟俩 0.4 0 0 0 1 1 0 0 1 1 0 0 0 0 1 1 
建筑师 自由职业者 0.4 1 0 1 0 0 0 1 1 0 0 1 0 0 0 1 
茫然 惶恐 0.4 0 0 1 1 0 0 0 2 0 0 2 0 0 0 0 
绝望 迷惘 0.4 0 0 1 0 0 0 0 0 0 0 3 1 0 1 0 
谋杀 遇害 0.4 0 1 2 0 2 0 1 0 0 0 0 0 0 0 0 
真诚 温情 0.4 0 1 1 1 0 0 0 0 0 1 0 0 0 1 1 
科研 课题组 0.4 0 0 1 0 0 1 0 0 1 1 0 0 1 1 0 
头部 四肢 0.4 1 0 0 1 0 0 0 0 0 1 1 0 0 1 1 
充电器 锂电池 0.4 0 0 1 0 0 1 1 0 0 1 0 2 0 0 0 
厨师 厨艺 0.4 0 1 1 0 0 1 0 0 0 1 0 0 1 1 0 
胸前 脖颈 0.4 0 0 0 0 1 0 0 0 0 0 1 1 0 2 1 
门票 票价 0.4 1 1 1 0 0 0 1 0 0 1 0 0 0 1 0 
墓穴 棺木 0.4 0 1 1 0 1 0 0 0 1 1 0 0 0 0 1 
咖啡馆 歌舞厅 0.4 1 0 0 1 0 0 0 0 0 1 0 1 0 1 1 
泪珠 口涎 0.4 1 1 0 0 1 0 0 1 0 1 0 1 0 0 0 
秀逸 闲雅 0.3333333333333333 0 0 0 0 0 0 0 2 0 2 0 0 0 1 0 
小组赛 预选 0.3333333333333333 0 0 1 0 0 0 0 0 1 0 2 0 0 0 1 
恕罪 息怒 0.3333333333333333 0 0 0 0 0 1 1 1 0 0 1 0 0 1 0 
抄家 革职 0.3333333333333333 0 0 0 1 1 0 0 2 0 0 1 0 0 0 0 
人选 初选 0.3333333333333333 0 0 0 0 1 0 1 0 2 1 0 0 0 0 0 
有理由 不可否认 0.3333333333333333 0 0 1 0 0 0 0 1 0 0 0 2 0 0 1 
乖觉 守本分 0.3333333333333333 0 1 1 0 0 0 0 0 0 0 1 0 0 1 1 
梆子 晋剧 0.3333333333333333 0 1 2 0 1 0 0 0 0 0 0 0 0 1 0 
台灯 烛台 0.3333333333333333 0 1 1 0 0 1 0 0 1 0 0 0 0 0 1 
考试 命题 0.3333333333333333 1 1 0 0 0 0 0 0 0 1 0 0 0 1 1 
短剑 剑锋 0.3333333333333333 0 0 1 0 1 0 1 0 0 1 0 0 0 1 0 
偷笑 咧嘴 0.3333333333333333 1 0 1 0 1 0 0 0 0 1 0 1 0 0 0 
签收 拒收 0.3333333333333333 0 0 0 1 1 0 0 0 0 1 0 1 0 1 0 
减少 恶化 0.3333333333333333 0 0 1 0 0 0 1 0 1 0 1 0 1 0 0 
判决 败诉 0.3333333333333333 0 1 1 0 1 0 0 0 0 0 0 1 1 0 0 
柔媚 明艳 0.26666666666666666 0 0 1 1 0 0 1 1 0 0 0 0 0 0 0 
挺拔 勇猛 0.26666666666666666 0 0 0 1 0 1 0 0 0 0 1 0 0 1 0 
山药 茯苓 0.26666666666666666 0 0 1 0 1 0 0 0 0 1 0 0 0 1 0 
奶子 乳沟 0.26666666666666666 0 1 0 0 1 0 0 0 0 2 0 0 0 0 0 
虫害 棉铃虫 0.26666666666666666 0 0 0 2 0 2 0 0 0 0 0 0 0 0 0 
寝宫 暖阁 0.26666666666666666 0 0 1 1 0 0 1 0 0 0 0 1 0 0 0 
封建制度 资本主义经济 0.26666666666666666 0 0 1 2 0 0 0 0 0 0 0 0 1 0 0 
伤害 惩罚 0.26666666666666666 0 0 0 0 0 0 0 0 0 0 3 0 0 1 0 
审议 全体会议 0.26666666666666666 0 0 0 0 1 0 0 0 0 1 0 0 0 1 1 
认真 切实 0.26666666666666666 0 0 1 0 0 0 0 1 0 1 1 0 0 0 0 
明快 旋律优美 0.26666666666666666 0 0 1 1 0 0 0 0 1 0 0 0 0 1 0 
谦和 贤明 0.26666666666666666 1 1 0 0 0 0 0 0 1 0 0 0 0 1 0 
课文 句子 0.26666666666666666 0 0 1 0 1 1 0 1 0 0 0 0 0 0 0 
政策 所有制 0.26666666666666666 1 0 1 0 0 0 0 0 0 0 0 1 1 0 0 
刑事拘留 审问 0.26666666666666666 0 1 0 0 0 0 0 0 0 1 0 0 0 1 1 
布置 督导 0.26666666666666666 0 1 1 0 0 0 0 0 1 0 0 1 0 0 0 
憎恶 痛骂 0.26666666666666666 0 0 1 0 0 0 0 0 1 0 0 0 0 1 1 
彻底 不可逆转 0.2 1 0 1 0 0 0 0 0 1 0 0 0 0 0 0 
奇异 吓人 0.2 0 0 1 1 0 0 0 0 0 0 0 0 0 1 0 
妖媚 荒淫 0.2 0 0 0 0 0 1 1 1 0 0 0 0 0 0 0 
液晶 显示器 0.2 0 0 0 0 1 0 1 0 0 0 0 0 0 0 1 
菩萨 功德 0.2 0 0 0 0 1 1 0 0 0 1 0 0 0 0 0 
药物 西医 0.2 0 0 1 1 0 1 0 0 0 0 0 0 0 0 0 
区域 边缘 0.2 0 0 1 0 0 0 1 1 0 0 0 0 0 0 0 
灯罩 吸顶灯 0.2 0 0 1 1 0 0 0 0 0 0 1 0 0 0 0 
桑拿 浴池 0.2 0 0 1 1 0 0 1 0 0 0 0 0 0 0 0 
街灯 灯柱 0.2 0 0 1 1 0 1 0 0 0 0 0 0 0 0 0 
百货 专柜 0.2 0 0 1 0 0 0 0 0 1 1 0 0 0 0 0 
年糕 烧鸭 0.2 0 0 1 0 0 0 1 0 0 0 0 0 0 1 0 
奔跑 弯腰 0.2 0 0 1 0 0 0 0 1 0 0 0 0 1 0 0 
鞋子 袜子 0.2 0 0 0 0 1 0 1 0 0 0 0 1 0 0 0 
月初 年末 0.2 0 0 1 0 0 0 0 1 0 0 0 0 0 1 0 
真心实意 满腔热情 0.2 0 0 0 0 0 0 0 2 0 0 0 0 0 0 1 
精准 灵敏 0.2 0 0 1 0 0 0 0 0 0 0 0 0 0 1 1 
病因 哮喘 0.2 0 0 0 0 0 1 0 0 0 0 0 0 1 1 0 
词句 修辞 0.2 0 0 1 0 1 0 0 0 0 0 0 0 1 0 0 
一带 城内 0.2 0 0 1 0 0 0 0 0 0 1 0 1 0 0 0 
目标 战略 0.2 0 0 1 0 0 0 0 0 0 0 0 0 0 1 1 
变电站 输电线 0.2 0 1 0 0 0 0 0 0 0 1 0 0 0 0 1 
词句 文法 0.2 0 0 1 0 0 0 0 0 0 0 0 0 0 1 1 
军事 预备役 0.2 0 0 1 0 1 0 0 0 0 1 0 0 0 0 0 
措施 思路 0.2 0 0 1 0 0 0 0 0 0 0 0 1 0 1 0 
头领 侍从 0.2 1 0 0 0 0 0 0 0 0 1 0 0 0 1 0 
劳动者 就业岗位 0.2 0 1 0 0 0 0 1 0 0 0 0 0 1 0 0 
阻截 掩杀 0.2 0 1 0 0 0 0 0 0 0 0 0 1 0 1 0 
挣脱 飞身 0.2 0 0 0 0 0 1 0 1 0 0 0 0 0 0 1 
浪漫 奢华 0.13333333333333333 0 0 0 0 0 0 0 1 0 0 1 0 0 0 0 
傲然 无表情 0.13333333333333333 0 0 0 0 0 0 1 0 0 0 0 0 0 1 0 
实则 如此这般 0.13333333333333333 0 0 0 0 0 0 0 0 0 0 1 0 0 1 0 
外交 内政 0.13333333333333333 0 0 1 0 1 0 0 0 0 0 0 0 0 0 0 
电话号码 通讯录 0.13333333333333333 0 0 2 0 0 0 0 0 0 0 0 0 0 0 0 
表哥 小儿子 0.13333333333333333 0 0 1 0 0 0 0 1 0 0 0 0 0 0 0 
电机 连接器 0.13333333333333333 0 0 1 0 0 1 0 0 0 0 0 0 0 0 0 
未婚妻 密友 0.13333333333333333 0 0 1 0 0 0 0 1 0 0 0 0 0 0 0 
电视观众 音乐爱好者 0.13333333333333333 0 0 1 0 0 0 0 1 0 0 0 0 0 0 0 
哈哈大笑 拍手 0.13333333333333333 0 0 0 0 0 0 0 0 1 0 1 0 0 0 0 
检阅 列队 0.13333333333333333 0 0 2 0 0 0 0 0 0 0 0 0 0 0 0 
羞赧 嗔怒 0.13333333333333333 0 0 1 0 0 0 0 1 0 0 0 0 0 0 0 
考勤 巡更 0.13333333333333333 0 0 0 0 0 0 0 0 0 0 1 1 0 0 0 
驰骋 踏足 0.13333333333333333 0 1 0 0 0 0 0 0 0 0 0 1 0 0 0 
坚强 善良 0.13333333333333333 0 1 0 0 0 0 0 0 0 0 0 0 0 1 0 
慢性 老年性 0.13333333333333333 0 0 0 0 0 0 0 0 0 1 0 0 0 0 1 
灼热 潮红 0.13333333333333333 0 0 1 0 0 0 0 0 0 0 0 0 0 1 0 
壮实 干瘦 0.13333333333333333 0 1 0 0 0 0 0 0 0 1 0 0 0 0 0 
苍茫 寂然 0.13333333333333333 0 0 1 0 0 0 0 1 0 0 0 0 0 0 0 
农田 水土流失 0.13333333333333333 0 1 0 0 0 0 0 0 0 1 0 0 0 0 0 
外观 质感 0.13333333333333333 0 0 1 0 0 0 0 0 0 0 0 0 0 1 0 
举人 会试 0.13333333333333333 0 0 0 0 0 0 0 0 0 0 0 0 2 0 0 
决赛 冠亚军 0.13333333333333333 0 0 0 0 0 0 0 0 0 0 0 0 2 0 0 
眼色 泪眼 0.13333333333333333 0 0 1 0 1 0 0 0 0 0 0 0 0 0 0 
弓箭手 建筑工人 0.13333333333333333 1 0 0 1 0 0 0 0 0 0 0 0 0 0 0 
坟墓 遗言 0.13333333333333333 0 0 0 0 0 0 0 0 1 0 0 0 0 0 1 
潮流 宠儿 0.13333333333333333 0 0 1 0 0 0 0 0 0 0 1 0 0 0 0 
纪念馆 追悼会 0.13333333333333333 0 0 1 0 0 0 0 0 0 0 0 0 0 0 1 
工厂 供应商 0.13333333333333333 0 0 0 0 1 0 0 0 0 0 0 0 0 1 0 
注册 核准 0.13333333333333333 0 0 0 0 0 0 0 0 1 0 0 0 0 1 0 
颤抖 吃惊 0.13333333333333333 1 0 0 0 0 0 0 1 0 0 0 0 0 0 0 
金黄 透亮 0.06666666666666667 0 0 0 0 0 0 0 0 0 0 0 0 0 1 0 
儒雅 自傲 0.06666666666666667 0 0 0 0 0 0 0 0 0 0 0 0 0 1 0 
想不到 随口 0.06666666666666667 0 0 0 1 0 0 0 0 0 0 0 0 0 0 0 
周到 精湛 0.06666666666666667 0 0 0 0 0 0 0 0 0 0 0 0 0 1 0 
柔软 湿淋淋 0.06666666666666667 0 0 0 0 0 0 0 0 0 0 0 0 0 1 0 
勤劳 谦和 0.06666666666666667 0 0 0 1 0 0 0 0 0 0 0 0 0 0 0 
山里 山民 0.06666666666666667 0 0 0 0 1 0 0 0 0 0 0 0 0 0 0 
党员 团支部 0.06666666666666667 0 0 0 0 0 0 0 0 0 0 0 0 0 1 0 
锅炉 热电厂 0.06666666666666667 0 0 0 0 0 0 0 0 0 0 0 1 0 0 0 
莲子 冰糖 0.06666666666666667 0 0 0 1 0 0 0 0 0 0 0 0 0 0 0 
剑术 绝学 0.06666666666666667 0 0 1 0 0 0 0 0 0 0 0 0 0 0 0 
塑料 模具 0.06666666666666667 0 0 0 1 0 0 0 0 0 0 0 0 0 0 0 
大使馆 政要 0.06666666666666667 0 0 0 0 0 0 0 0 0 1 0 0 0 0 0 
研究院 科教 0.06666666666666667 0 0 0 0 0 1 0 0 0 0 0 0 0 0 0 
海边 家门口 0.06666666666666667 0 0 0 0 0 0 0 1 0 0 0 0 0 0 0 
保持 改善 0.06666666666666667 0 0 1 0 0 0 0 0 0 0 0 0 0 0 0 
研究 阐述 0.06666666666666667 0 0 0 0 0 0 0 0 0 0 1 0 0 0 0 
凄婉 悲歌 0.06666666666666667 0 0 1 0 0 0 0 0 0 0 0 0 0 0 0 
忽略 迷失 0.06666666666666667 0 0 0 0 0 0 0 0 0 0 1 0 0 0 0 
惩罚 唾弃 0.06666666666666667 0 0 0 0 0 0 1 0 0 0 0 0 0 0 0 
检举 免职 0.06666666666666667 0 0 0 0 0 0 0 0 0 0 1 0 0 0 0 
艳红 灼烫 0.06666666666666667 0 0 1 0 0 0 0 0 0 0 0 0 0 0 0 
诱人 赤裸裸 0.06666666666666667 0 0 1 0 0 0 0 0 0 0 0 0 0 0 0 
辖区 城管 0.06666666666666667 0 0 0 0 0 0 0 0 0 1 0 0 0 0 0 
恶魔 梦魇 0.06666666666666667 0 0 0 0 0 0 0 0 0 0 0 0 0 0 1 
目标 力量 0.06666666666666667 0 0 0 0 0 0 0 0 0 0 0 0 0 1 0 
患者 创伤 0.06666666666666667 0 0 0 0 0 0 0 0 0 1 0 0 0 0 0 
军士 家丁 0.06666666666666667 0 1 0 0 0 0 0 0 0 0 0 0 0 0 0 
人质 匪徒 0.06666666666666667 0 0 0 0 0 1 0 0 0 0 0 0 0 0 0 
阶级斗争 修正主义 0.06666666666666667 0 0 1 0 0 0 0 0 0 0 0 0 0 0 0 
树枝 草丛 0.06666666666666667 0 0 0 0 0 0 0 0 0 1 0 0 0 0 0 
排放量 温室气体 0.06666666666666667 0 0 0 0 0 0 0 0 0 0 0 0 0 1 0 
窗子 门缝 0.06666666666666667 0 0 1 0 0 0 0 0 0 0 0 0 0 0 0 
电厂 集中供热 0.06666666666666667 0 0 0 0 0 0 0 0 0 0 0 0 0 1 0 
渔业 贝类 0.06666666666666667 0 0 1 0 0 0 0 0 0 0 0 0 0 0 0 
应届毕业生 中文系 0.06666666666666667 0 0 1 0 0 0 0 0 0 0 0 0 0 0 0 
短语 字根 0.06666666666666667 0 0 0 0 0 0 0 0 0 0 0 0 0 1 0 
能力 缺陷 0.06666666666666667 0 0 0 0 0 0 0 0 0 0 0 0 0 1 0 
助手 辩护律师 0.06666666666666667 0 0 1 0 0 0 0 0 0 0 0 0 0 0 0 
乘势 掩杀 0.06666666666666667 0 0 0 0 1 0 0 0 0 0 0 0 0 0 0 
查实 检举 0.06666666666666667 0 0 1 0 0 0 0 0 0 0 0 0 0 0 0 
创新高 探底 0.06666666666666667 0 0 0 0 0 0 0 0 0 0 0 0 0 1 0 
飘荡 浸透 0.06666666666666667 1 0 0 0 0 0 0 0 0 0 0 0 0 0 0 
牵连 入狱 0.06666666666666667 0 0 0 0 0 1 0 0 0 0 0 0 0 0 0 
俊俏 二十多岁 0.0 0 0 0 0 0 0 0 0 0 0 0 0 0 0 0 
无谓 无休止 0.0 0 0 0 0 0 0 0 0 0 0 0 0 0 0 0 
金色 夺目 0.0 0 0 0 0 0 0 0 0 0 0 0 0 0 0 0 
飘逸 墨绿 0.0 0 0 0 0 0 0 0 0 0 0 0 0 0 0 0 
耀眼 强悍 0.0 0 0 0 0 0 0 0 0 0 0 0 0 0 0 0 
天赋 决定性 0.0 0 0 0 0 0 0 0 0 0 0 0 0 0 0 0 
透明 颗粒状 0.0 0 0 0 0 0 0 0 0 0 0 0 0 0 0 0 
整齐 粉红色 0.0 0 0 0 0 0 0 0 0 0 0 0 0 0 0 0 
一样 相互 0.0 0 0 0 0 0 0 0 0 0 0 0 0 0 0 0 
莫名 吃力 0.0 0 0 0 0 0 0 0 0 0 0 0 0 0 0 0 
彻底 厉害 0.0 0 0 0 0 0 0 0 0 0 0 0 0 0 0 0 
金黄色 亮闪闪 0.0 0 0 0 0 0 0 0 0 0 0 0 0 0 0 0 
复印件 公章 0.0 0 0 0 0 0 0 0 0 0 0 0 0 0 0 0 
词典 英汉 0.0 0 0 0 0 0 0 0 0 0 0 0 0 0 0 0 
球队 赛季 0.0 0 0 0 0 0 0 0 0 0 0 0 0 0 0 0 
第二天 傍晚 0.0 0 0 0 0 0 0 0 0 0 0 0 0 0 0 0 
会徽 奥林匹克运动会 0.0 0 0 0 0 0 0 0 0 0 0 0 0 0 0 0 
绩效 经理人 0.0 0 0 0 0 0 0 0 0 0 0 0 0 0 0 0 
铁门 门锁 0.0 0 0 0 0 0 0 0 0 0 0 0 0 0 0 0 
武器 士兵 0.0 0 0 0 0 0 0 0 0 0 0 0 0 0 0 0 
赛季 赛场 0.0 0 0 0 0 0 0 0 0 0 0 0 0 0 0 0 
内幕 特工 0.0 0 0 0 0 0 0 0 0 0 0 0 0 0 0 0 
座谈会 辅导员 0.0 0 0 0 0 0 0 0 0 0 0 0 0 0 0 0 
打印机 阵列 0.0 0 0 0 0 0 0 0 0 0 0 0 0 0 0 0 
河水 水温 0.0 0 0 0 0 0 0 0 0 0 0 0 0 0 0 0 
脱氧核糖核酸 巨细胞 0.0 0 0 0 0 0 0 0 0 0 0 0 0 0 0 0 
根部 耳孔 0.0 0 0 0 0 0 0 0 0 0 0 0 0 0 0 0 
剑刃 鞭梢 0.0 0 0 0 0 0 0 0 0 0 0 0 0 0 0 0 
霉菌 细菌培养 0.0 0 0 0 0 0 0 0 0 0 0 0 0 0 0 0 
一瞬间 头部 0.0 0 0 0 0 0 0 0 0 0 0 0 0 0 0 0 
煤矿 火电 0.0 0 0 0 0 0 0 0 0 0 0 0 0 0 0 0 
侍卫 宝剑 0.0 0 0 0 0 0 0 0 0 0 0 0 0 0 0 0 
股权 民营企业 0.0 0 0 0 0 0 0 0 0 0 0 0 0 0 0 0 
耻辱 胜利者 0.0 0 0 0 0 0 0 0 0 0 0 0 0 0 0 0 
纳税人 工商局 0.0 0 0 0 0 0 0 0 0 0 0 0 0 0 0 0 
兽医 医务室 0.0 0 0 0 0 0 0 0 0 0 0 0 0 0 0 0 
产业 港口 0.0 0 0 0 0 0 0 0 0 0 0 0 0 0 0 0 
孟子 西周 0.0 0 0 0 0 0 0 0 0 0 0 0 0 0 0 0 
专家 法规 0.0 0 0 0 0 0 0 0 0 0 0 0 0 0 0 0 
实力 八一 0.0 0 0 0 0 0 0 0 0 0 0 0 0 0 0 0 
双肩 旅行袋 0.0 0 0 0 0 0 0 0 0 0 0 0 0 0 0 0 
兵力 本部 0.0 0 0 0 0 0 0 0 0 0 0 0 0 0 0 0 
元旦 合家 0.0 0 0 0 0 0 0 0 0 0 0 0 0 0 0 0 
胡萝卜 豆干 0.0 0 0 0 0 0 0 0 0 0 0 0 0 0 0 0 
影视 著作权 0.0 0 0 0 0 0 0 0 0 0 0 0 0 0 0 0 
资质 法人 0.0 0 0 0 0 0 0 0 0 0 0 0 0 0 0 0 
违反 遵守 0.0 0 0 0 0 0 0 0 0 0 0 0 0 0 0 0 
建设 验收 0.0 0 0 0 0 0 0 0 0 0 0 0 0 0 0 0 
在于 兼顾 0.0 0 0 0 0 0 0 0 0 0 0 0 0 0 0 0 
点头 递给 0.0 0 0 0 0 0 0 0 0 0 0 0 0 0 0 0 
创造 现代化 0.0 0 0 0 0 0 0 0 0 0 0 0 0 0 0 0 
困倦 烦燥 0.0 0 0 0 0 0 0 0 0 0 0 0 0 0 0 0 
侵占 时有发生 0.0 0 0 0 0 0 0 0 0 0 0 0 0 0 0 0 
兼顾 日益增长 0.0 0 0 0 0 0 0 0 0 0 0 0 0 0 0 0 
掩护 扫射 0.0 0 0 0 0 0 0 0 0 0 0 0 0 0 0 0 
防止 协助 0.0 0 0 0 0 0 0 0 0 0 0 0 0 0 0 0 
佩服 偷笑 0.0 0 0 0 0 0 0 0 0 0 0 0 0 0 0 0 
相传 寻访 0.0 0 0 0 0 0 0 0 0 0 0 0 0 0 0 0 
奋斗 抛弃 0.0 0 0 0 0 0 0 0 0 0 0 0 0 0 0 0 
自称 指使 0.0 0 0 0 0 0 0 0 0 0 0 0 0 0 0 0 
不知道 扭曲 0.0 0 0 0 0 0 0 0 0 0 0 0 0 0 0 0 
改良 畜牧 0.0 0 0 0 0 0 0 0 0 0 0 0 0 0 0 0 
输掉 完胜 0.0 0 0 0 0 0 0 0 0 0 0 0 0 0 0 0 
扫描 修补 0.0 0 0 0 0 0 0 0 0 0 0 0 0 0 0 0 
封锁 破除 0.0 0 0 0 0 0 0 0 0 0 0 0 0 0 0 0 
汗颜 匹敌 0.0 0 0 0 0 0 0 0 0 0 0 0 0 0 0 0 
运作 改制 0.0 0 0 0 0 0 0 0 0 0 0 0 0 0 0 0 
影响力 服饰 0.0 0 0 0 0 0 0 0 0 0 0 0 0 0 0 0 
评论家 新闻摄影 0.0 0 0 0 0 0 0 0 0 0 0 0 0 0 0 0 
惊人 强悍 0.0 0 0 0 0 0 0 0 0 0 0 0 0 0 0 0 
容易 那样 0.0 0 0 0 0 0 0 0 0 0 0 0 0 0 0 0 
同样 唯一 0.0 0 0 0 0 0 0 0 0 0 0 0 0 0 0 0 
两样 绝佳 0.0 0 0 0 0 0 0 0 0 0 0 0 0 0 0 0 
柔滑 甜香 0.0 0 0 0 0 0 0 0 0 0 0 0 0 0 0 0 
倔强 胆小怕事 0.0 0 0 0 0 0 0 0 0 0 0 0 0 0 0 0 
苍郁 峭拔 0.0 0 0 0 0 0 0 0 0 0 0 0 0 0 0 0 
聪明绝顶 胆小怕事 0.0 0 0 0 0 0 0 0 0 0 0 0 0 0 0 0 
浑身 妖艳 0.0 0 0 0 0 0 0 0 0 0 0 0 0 0 0 0 
活力四射 实足 0.0 0 0 0 0 0 0 0 0 0 0 0 0 0 0 0 
质朴 矫情 0.0 0 0 0 0 0 0 0 0 0 0 0 0 0 0 0 
澄澈 雾蒙蒙 0.0 0 0 0 0 0 0 0 0 0 0 0 0 0 0 0 
聪慧 贫寒 0.0 0 0 0 0 0 0 0 0 0 0 0 0 0 0 0 
线圈 谐振 0.0 0 0 0 0 0 0 0 0 0 0 0 0 0 0 0 
暑假 补习班 0.0 0 0 0 0 0 0 0 0 0 0 0 0 0 0 0 
美术家 作协 0.0 0 0 0 0 0 0 0 0 0 0 0 0 0 0 0 
船只 岸边 0.0 0 0 0 0 0 0 0 0 0 0 0 0 0 0 0 
通货膨胀 中国央行 0.0 0 0 0 0 0 0 0 0 0 0 0 0 0 0 0 
官军 流寇 0.0 0 0 0 0 0 0 0 0 0 0 0 0 0 0 0 
傍晚 这天 0.0 0 0 0 0 0 0 0 0 0 0 0 0 0 0 0 
故事 主人公 0.0 0 0 0 0 0 0 0 0 0 0 0 0 0 0 0 
华语 流行音乐 0.0 0 0 0 0 0 0 0 0 0 0 0 0 0 0 0 
目前 调查报告 0.0 0 0 0 0 0 0 0 0 0 0 0 0 0 0 0 
昆仑 泰山北斗 0.0 0 0 0 0 0 0 0 0 0 0 0 0 0 0 0 
盟主 浪子 0.0 0 0 0 0 0 0 0 0 0 0 0 0 0 0 0 
此人 义父 0.0 0 0 0 0 0 0 0 0 0 0 0 0 0 0 0 
黄金 春节 0.0 0 0 0 0 0 0 0 0 0 0 0 0 0 0 0 
做法 资本市场 0.0 0 0 0 0 0 0 0 0 0 0 0 0 0 0 0 
利爪 剑鞘 0.0 0 0 0 0 0 0 0 0 0 0 0 0 0 0 0 
事业 特质 0.0 0 0 0 0 0 0 0 0 0 0 0 0 0 0 0 
待遇 正式工 0.0 0 0 0 0 0 0 0 0 0 0 0 0 0 0 0 
民间传说 唱词 0.0 0 0 0 0 0 0 0 0 0 0 0 0 0 0 0 
竞走 保持者 0.0 0 0 0 0 0 0 0 0 0 0 0 0 0 0 0 
四肢 野兽 0.0 0 0 0 0 0 0 0 0 0 0 0 0 0 0 0 
隐患 规程 0.0 0 0 0 0 0 0 0 0 0 0 0 0 0 0 0 
赢家 入场券 0.0 0 0 0 0 0 0 0 0 0 0 0 0 0 0 0 
封建社会 政治制度 0.0 0 0 0 0 0 0 0 0 0 0 0 0 0 0 0 
标语 抗议者 0.0 0 0 0 0 0 0 0 0 0 0 0 0 0 0 0 
效能 党务 0.0 0 0 0 0 0 0 0 0 0 0 0 0 0 0 0 
暗夜 毒蛇 0.0 0 0 0 0 0 0 0 0 0 0 0 0 0 0 0 
票价 站名 0.0 0 0 0 0 0 0 0 0 0 0 0 0 0 0 0 
谋杀 未遂 0.0 0 0 0 0 0 0 0 0 0 0 0 0 0 0 0 
心存 敬畏 0.0 0 0 0 0 0 0 0 0 0 0 0 0 0 0 0 
节省 耗费 0.0 0 0 0 0 0 0 0 0 0 0 0 0 0 0 0 
注视 惊异 0.0 0 0 0 0 0 0 0 0 0 0 0 0 0 0 0 
崩溃 预想 0.0 0 0 0 0 0 0 0 0 0 0 0 0 0 0 0 
听懂 口吃 0.0 0 0 0 0 0 0 0 0 0 0 0 0 0 0 0 
鄙视 做秀 0.0 0 0 0 0 0 0 0 0 0 0 0 0 0 0 0 
感慨 质问 0.0 0 0 0 0 0 0 0 0 0 0 0 0 0 0 0 
当班 停职 0.0 0 0 0 0 0 0 0 0 0 0 0 0 0 0 0 
忙碌 等候 0.0 0 0 0 0 0 0 0 0 0 0 0 0 0 0 0 
忐忑不安 窃笑 0.0 0 0 0 0 0 0 0 0 0 0 0 0 0 0 0 
灭口 逃掉 0.0 0 0 0 0 0 0 0 0 0 0 0 0 0 0 0 
流露 扭捏 0.0 0 0 0 0 0 0 0 0 0 0 0 0 0 0 0 
攻击 注视 0.0 0 0 0 0 0 0 0 0 0 0 0 0 0 0 0 
准备 难免 0.0 0 0 0 0 0 0 0 0 0 0 0 0 0 0 0 
突显 修身 0.0 0 0 0 0 0 0 0 0 0 0 0 0 0 0 0 
