座椅 坐椅 4.0 4 4 4 4 4 4 4 4 4 4 4 4 4 4 4 
枝桠 枝丫 4.0 4 4 4 4 4 4 4 4 4 4 4 4 4 4 4 
辞藻 词藻 4.0 4 4 4 4 4 4 4 4 4 4 4 4 4 4 4 
游泳池 泳池 4.0 4 4 4 4 4 4 4 4 4 4 4 4 4 4 4 
深情厚谊 深情厚意 4.0 4 4 4 4 4 4 4 4 4 4 4 4 4 4 4 
普通百姓 普通老百姓 4.0 4 4 4 4 4 4 4 4 4 4 4 4 4 4 4 
梦呓 呓语 4.0 4 4 4 4 4 4 4 4 4 4 4 4 4 4 4 
裤兜 裤袋 4.0 4 4 4 4 4 4 4 4 4 4 4 4 4 4 4 
窗户 窗子 4.0 4 4 4 4 4 4 4 4 4 4 4 4 4 4 4 
猎犬 猎狗 4.0 4 4 4 4 4 4 4 4 4 4 4 4 4 4 4 
父母 爸妈 4.0 4 4 4 4 4 4 4 4 4 4 4 4 4 4 4 
午餐 午饭 4.0 4 4 4 4 4 4 4 4 4 4 4 4 4 4 4 
双眼 两眼 4.0 4 4 4 4 4 4 4 4 4 4 4 4 4 4 4 
猪场 养猪场 4.0 4 4 4 4 4 4 4 4 4 4 4 4 4 4 4 
风姿 丰姿 4.0 4 4 4 4 4 4 4 4 4 4 4 4 4 4 4 
奥运 奥运会 4.0 4 4 4 4 4 4 4 4 4 4 4 4 4 4 4 
零售价 零售价格 4.0 4 4 4 4 4 4 4 4 4 4 4 4 4 4 4 
男女老少 男女老幼 4.0 4 4 4 4 4 4 4 4 4 4 4 4 4 4 4 
这几天 这些天 3.933333333333333 4 4 4 4 4 4 4 4 4 3 4 4 4 4 4 
销量 销售量 3.933333333333333 4 3 4 4 4 4 4 4 4 4 4 4 4 4 4 
警察局 警局 3.933333333333333 4 3 4 4 4 4 4 4 4 4 4 4 4 4 4 
衣衫 衣裳 3.933333333333333 4 3 4 4 4 4 4 4 4 4 4 4 4 4 4 
故技 故伎 3.933333333333333 3 4 4 4 4 4 4 4 4 4 4 4 4 4 4 
汁液 汁水 3.933333333333333 4 4 4 4 4 4 4 4 4 4 4 4 4 4 3 
兵士 士卒 3.933333333333333 4 4 4 4 4 4 4 4 4 4 4 4 4 4 3 
红外 红外线 3.933333333333333 4 4 4 4 4 4 4 4 4 4 4 4 4 4 3 
手电筒 电筒 3.8666666666666667 4 4 4 4 4 4 2 4 4 4 4 4 4 4 4 
外号 绰号 3.8666666666666667 4 4 4 4 3 4 4 4 4 4 4 4 4 4 3 
旅馆 旅店 3.8666666666666667 4 4 4 4 4 4 3 4 4 4 3 4 4 4 4 
佐料 作料 3.8 4 4 4 3 3 4 4 4 4 3 4 4 4 4 4 
百货店 百货商店 3.8 4 1 4 4 4 4 4 4 4 4 4 4 4 4 4 
登陆舰 登陆艇 3.8 4 3 4 4 4 4 3 4 3 4 4 4 4 4 4 
眼泪 泪水 3.8 4 4 4 4 4 4 1 4 4 4 4 4 4 4 4 
账单 帐单 3.8 3 4 4 4 3 3 4 4 4 4 4 4 4 4 4 
东南西北 东西南北 3.7333333333333334 3 4 4 4 4 4 3 3 4 4 4 4 4 3 4 
办公楼 办公大楼 3.7333333333333334 4 4 4 4 3 4 4 4 3 4 4 3 4 4 3 
垃圾桶 垃圾箱 3.7333333333333334 3 4 4 4 3 3 4 4 4 4 3 4 4 4 4 
秸秆 秸杆 3.6666666666666665 4 3 4 4 4 4 4 4 4 2 4 4 2 4 4 
纽扣 钮扣 3.6666666666666665 4 3 4 4 4 4 4 3 4 2 4 3 4 4 4 
微词 微辞 3.6666666666666665 4 4 4 4 4 4 4 4 4 4 0 4 4 3 4 
笑容 笑颜 3.6666666666666665 4 3 3 4 4 3 4 4 4 4 4 3 3 4 4 
空难 飞机失事 3.6666666666666665 4 3 4 4 4 4 4 4 3 3 4 2 4 4 4 
黄金时段 黄金时间 3.6666666666666665 4 4 4 2 4 3 3 4 4 4 3 4 4 4 4 
亲友 亲朋好友 3.6666666666666665 3 3 4 4 2 4 3 4 4 4 4 4 4 4 4 
漩涡 旋涡 3.6 4 4 4 4 4 4 4 4 4 4 2 4 4 2 2 
菜市场 菜场 3.6 3 4 4 4 3 3 2 4 3 4 4 4 4 4 4 
援军 援兵 3.6 4 4 4 4 4 3 3 3 3 2 4 4 4 4 4 
坐垫 座垫 3.533333333333333 3 4 4 4 4 3 3 4 4 3 2 4 3 4 4 
嫌疑人 疑犯 3.533333333333333 3 4 3 4 3 3 3 4 4 3 4 3 4 4 4 
裤腿 裤管 3.533333333333333 4 4 4 4 4 4 1 1 3 4 4 4 4 4 4 
耳畔 耳旁 3.466666666666667 3 3 4 3 4 3 3 4 4 4 4 4 3 3 3 
消防队员 消防员 3.466666666666667 3 4 4 4 3 3 4 3 4 3 3 4 3 3 4 
帽檐 帽沿 3.4 4 3 4 4 4 4 4 1 4 3 4 4 3 1 4 
除夕 除夕夜 3.4 2 3 3 4 3 4 4 4 4 4 4 4 4 2 2 
第三名 季军 3.4 2 3 3 4 3 4 3 4 3 3 4 3 4 4 4 
机动车 机动车辆 3.3333333333333335 3 3 4 4 4 1 3 4 3 3 3 4 3 4 4 
寿宴 寿筵 3.3333333333333335 3 4 3 3 4 3 2 4 4 3 2 4 4 4 3 
账户 帐户 3.3333333333333335 4 4 4 2 3 3 1 4 4 4 2 4 3 4 4 
木棍 木棒 3.3333333333333335 3 4 3 4 3 3 4 2 3 4 4 3 3 4 3 
泪水 泪珠 3.2666666666666666 3 4 3 4 4 2 3 4 3 2 4 3 3 3 4 
战功 军功 3.2666666666666666 2 4 3 4 4 4 3 4 3 3 2 3 4 3 3 
溪水 溪流 3.2666666666666666 3 4 3 3 3 3 3 4 3 3 3 4 4 3 3 
轶事 逸事 3.2 2 4 3 2 4 3 2 4 3 4 3 4 4 2 4 
犯罪嫌疑人 嫌疑人 3.2 3 4 3 4 3 3 2 4 3 3 2 3 4 3 4 
路边 路旁 3.1333333333333333 3 3 3 3 4 1 4 3 4 2 4 3 3 3 4 
习俗 风俗 3.066666666666667 3 2 4 1 3 3 3 3 3 4 4 3 3 4 3 
星象 星相 3.066666666666667 4 3 0 3 2 4 4 3 3 4 4 4 4 1 3 
粘液 黏液 3.0 3 2 4 4 3 3 4 2 3 2 4 3 4 1 3 
帷幔 幔帐 3.0 3 2 4 3 3 3 2 3 3 2 4 4 3 3 3 
眼睛 双眼 2.933333333333333 3 3 3 3 3 3 3 3 3 2 4 2 3 3 3 
半夜三更 半夜里 2.933333333333333 3 1 4 3 3 2 3 3 3 3 3 3 3 3 4 
彩霞 云霞 2.933333333333333 3 3 3 3 3 3 3 3 3 4 3 3 3 3 1 
城郊 近郊 2.933333333333333 2 4 3 3 3 2 3 2 3 3 4 4 4 2 2 
太医 御医 2.933333333333333 2 3 3 1 3 3 3 4 3 3 4 3 3 3 3 
污渍 污迹 2.8666666666666667 3 3 3 3 3 1 3 3 3 4 2 3 3 3 3 
闲暇 闲暇时 2.8666666666666667 3 3 3 3 3 3 3 3 3 4 1 3 3 1 4 
英雄好汉 英雄豪杰 2.8666666666666667 3 3 3 2 3 3 2 3 3 3 3 3 3 3 3 
体育馆 体育场 2.8 2 2 3 3 3 2 2 4 3 3 4 3 3 3 2 
军士 士卒 2.8 3 3 3 3 3 3 3 3 3 3 1 3 3 3 2 
瘀血 血瘀 2.8 2 2 3 3 4 3 2 4 3 1 2 3 4 2 4 
国庆 国庆节 2.7333333333333334 3 3 3 4 3 2 3 4 2 2 4 3 0 3 2 
军士 兵士 2.7333333333333334 3 3 3 2 3 3 2 3 3 1 3 3 3 4 2 
童年 孩提时代 2.7333333333333334 1 3 3 4 3 2 4 3 2 1 3 3 3 3 3 
战舰 军舰 2.7333333333333334 2 3 2 3 3 4 3 2 2 3 3 3 2 2 4 
穷人 贫民 2.7333333333333334 3 3 3 2 2 3 3 4 1 3 3 3 3 3 2 
赞歌 颂歌 2.7333333333333334 3 3 3 2 3 3 2 4 3 3 1 3 2 3 3 
安理会 联合国安理会 2.7333333333333334 1 4 3 3 2 1 2 3 4 3 1 4 4 2 4 
指头 手指头 2.6666666666666665 2 3 1 4 3 4 2 2 4 2 3 3 3 1 3 
快艇 摩托艇 2.6666666666666665 4 1 3 3 1 3 2 1 3 4 4 3 3 3 2 
粘膜 黏膜 2.6 2 2 4 4 3 1 4 1 4 1 2 4 4 1 2 
当权者 当政者 2.6 2 3 3 3 3 3 3 1 2 3 4 2 3 1 3 
眸子 双眸 2.6 3 2 3 2 2 3 2 2 3 3 3 2 4 3 2 
布什 布什总统 2.533333333333333 2 3 3 4 2 3 3 1 1 3 4 4 2 1 2 
大户人家 富贵人家 2.533333333333333 2 1 3 3 2 3 2 2 3 2 4 3 2 3 3 
症状 病状 2.533333333333333 2 2 3 2 2 3 2 3 2 2 3 2 4 3 3 
医护人员 医务人员 2.533333333333333 2 3 3 1 2 3 3 2 1 3 2 3 3 4 3 
裤腿 裤脚 2.533333333333333 1 3 2 1 4 4 2 2 3 4 2 4 1 2 3 
表情 神情 2.466666666666667 2 2 3 2 2 3 2 3 2 2 2 3 3 3 3 
期刊 刊物 2.4 3 0 2 4 3 1 3 3 1 3 4 2 2 2 3 
柴火 木柴 2.4 3 2 2 3 3 2 2 2 2 3 4 2 2 2 2 
伎俩 诡计 2.4 1 1 3 3 3 2 2 3 2 2 3 2 2 4 3 
巨子 巨擘 2.4 0 2 3 2 2 3 2 1 2 3 3 3 3 3 4 
专著 论著 2.4 1 2 2 1 2 3 3 2 3 3 2 3 4 3 2 
桌椅 桌椅板凳 2.4 3 4 2 2 2 2 2 4 1 1 2 3 3 3 2 
洞穴 洞窟 2.3333333333333335 1 3 2 3 2 1 2 2 2 2 4 3 2 3 3 
睡衣 睡袍 2.3333333333333335 2 3 3 3 2 2 3 2 2 2 2 2 2 3 2 
笑颜 笑靥 2.3333333333333335 1 2 3 2 3 3 2 2 2 2 1 3 3 3 3 
参考书 参考资料 2.2666666666666666 2 2 2 3 3 3 3 2 2 1 3 2 2 2 2 
伙房 灶房 2.2666666666666666 3 1 3 4 3 2 3 1 3 1 3 2 2 1 2 
女流之辈 妇道人家 2.2666666666666666 3 1 3 3 3 1 3 2 1 1 4 2 3 1 3 
学前教育 幼儿教育 2.2666666666666666 2 3 2 3 2 1 1 2 3 3 2 2 3 3 2 
盲点 盲区 2.2666666666666666 2 2 3 2 2 3 3 1 2 1 2 3 3 3 2 
酒店 宾馆 2.2666666666666666 3 3 3 0 3 2 2 2 3 3 0 3 3 3 1 
泥潭 泥沼 2.2666666666666666 1 2 3 3 2 2 2 3 2 2 1 3 3 3 2 
主干道 干道 2.2 2 1 2 2 1 1 3 3 3 2 2 3 2 3 3 
旅程 旅途 2.2 2 1 2 2 3 3 3 0 2 2 2 2 2 3 4 
常见病 多发病 2.2 1 2 2 1 2 3 3 4 2 3 1 3 2 2 2 
分数线 录取分数线 2.1333333333333333 1 1 2 4 3 2 3 2 2 1 3 2 2 1 3 
电机 电动机 2.1333333333333333 2 2 0 1 2 3 2 3 4 3 2 2 2 2 2 
医疗费 医药费 2.1333333333333333 2 3 2 1 2 3 2 2 2 2 2 2 2 3 2 
婴儿 新生婴儿 2.066666666666667 1 2 3 3 3 1 3 2 1 1 3 2 2 1 3 
法律意识 法制观念 2.0 0 2 3 1 2 2 2 2 2 3 2 2 2 3 2 
外交 外交事务 2.0 3 2 2 1 2 1 1 0 2 2 2 2 2 4 4 
他处 彼处 1.9333333333333333 2 1 3 3 3 3 1 2 2 1 1 1 2 2 2 
故意杀人罪 故意杀人 1.9333333333333333 1 1 3 1 2 1 1 0 3 2 1 3 3 3 4 
心里 心底 1.9333333333333333 2 2 2 1 3 2 3 1 1 2 3 3 0 2 2 
灯具 灯饰 1.8666666666666667 1 3 2 3 3 3 3 0 3 2 0 1 2 0 2 
拉力赛 汽车拉力赛 1.8666666666666667 2 2 2 2 2 2 2 2 2 1 1 2 2 1 3 
妃嫔 姬妾 1.8666666666666667 3 1 2 1 1 1 3 1 2 1 3 1 3 3 2 
马克思主义 辩证唯物主义 1.8666666666666667 1 3 2 2 2 1 2 2 1 1 2 2 2 3 2 
贸易 对外贸易 1.8666666666666667 1 2 2 1 3 1 2 3 1 2 2 2 2 2 2 
企业 民营企业 1.8666666666666667 1 2 2 1 2 2 2 3 1 2 2 2 2 2 2 
词汇 单词 1.8666666666666667 3 2 2 1 3 1 2 2 2 1 2 3 2 1 1 
肝炎 肝病 1.8666666666666667 1 2 1 2 2 1 3 3 1 2 2 2 2 2 2 
乐坛 歌坛 1.8 1 2 2 2 2 2 1 2 2 2 3 1 1 1 3 
年底 今年年底 1.8 1 1 3 2 2 2 2 2 1 1 3 2 2 1 2 
海浪 波涛 1.8 2 0 3 1 1 2 3 2 2 2 1 2 2 1 3 
文艺界 文学界 1.8 2 0 4 1 2 2 2 2 2 2 1 1 2 1 3 
水管 管子 1.8 2 2 2 1 2 2 1 3 1 2 2 2 1 3 1 
期刊 报刊 1.7333333333333334 2 0 2 3 2 2 1 2 1 1 3 2 2 1 2 
内镜 胃镜 1.7333333333333334 2 1 2 2 2 2 2 2 2 1 2 2 2 1 1 
反证 反例 1.7333333333333334 0 1 2 2 2 1 1 2 2 2 2 2 3 3 1 
指挥官 统帅 1.7333333333333334 2 2 1 1 2 2 3 2 2 2 2 2 1 1 1 
示威者 抗议者 1.7333333333333334 2 1 2 2 1 2 2 2 3 2 1 2 0 2 2 
市场占有率 占有率 1.7333333333333334 1 2 3 2 2 1 2 1 1 2 2 2 2 2 1 
理工大学 工业大学 1.6666666666666667 2 1 1 3 2 2 2 1 2 1 3 1 1 1 2 
学者 经济学者 1.6666666666666667 1 2 2 2 2 2 2 2 1 1 2 2 2 1 1 
站牌 路牌 1.6666666666666667 2 3 2 3 1 1 2 1 1 1 2 2 1 1 2 
录像带 录音带 1.6666666666666667 1 1 2 2 2 2 2 0 1 2 3 2 2 2 1 
球员 球星 1.6666666666666667 1 2 1 1 2 1 2 1 1 2 2 2 3 3 1 
角色 主角 1.6666666666666667 1 2 1 1 2 1 2 2 1 2 2 2 2 2 2 
知识 专业知识 1.6666666666666667 1 2 2 1 2 1 2 2 1 2 2 2 1 2 2 
效益 经济效益 1.6666666666666667 1 1 2 1 1 1 2 3 1 2 2 2 2 2 2 
变速箱 变速器 1.6666666666666667 2 1 2 1 2 0 2 0 3 2 0 2 2 3 3 
餐饮 餐饮业 1.6 2 1 0 3 2 3 2 1 1 2 4 1 0 1 1 
水流 溪水 1.6 1 1 2 2 2 1 2 2 1 1 3 1 2 1 2 
砂纸 砂布 1.6 1 2 2 3 1 1 2 1 2 1 1 2 2 1 2 
劳动模范 先进工作者 1.5333333333333334 2 0 1 1 2 0 2 2 1 4 3 1 2 1 1 
城垛 箭垛 1.5333333333333334 2 2 3 1 2 0 1 0 1 3 0 2 2 2 2 
胃病 慢性胃炎 1.5333333333333334 1 2 1 1 2 1 2 1 1 2 2 2 2 2 1 
三明治 汉堡包 1.4666666666666666 1 0 2 2 4 2 1 1 1 1 3 1 1 1 1 
后轮胎 前轮胎 1.4666666666666666 2 2 1 1 2 2 1 2 1 2 1 2 1 1 1 
雪豹 金钱豹 1.4666666666666666 1 1 1 1 1 0 2 2 2 2 2 2 2 2 1 
商店 连锁店 1.4666666666666666 1 2 2 1 1 1 1 3 1 2 2 2 0 2 1 
景观 水景 1.4 2 1 2 2 1 1 2 1 1 1 1 2 2 1 1 
外甥 侄儿 1.4 1 0 2 3 2 2 1 1 0 0 3 1 3 1 1 
计算机辅助 计算机辅助设计 1.4 0 1 1 2 2 1 2 0 2 1 3 2 2 1 1 
裤头 泳裤 1.4 1 1 2 3 2 1 1 2 2 0 1 1 1 1 2 
学院 音乐学院 1.4 1 0 1 1 2 2 2 2 1 1 1 2 2 1 2 
隐患 祸根 1.4 3 1 1 1 2 0 2 3 1 1 3 1 1 0 1 
母亲 爹娘 1.4 1 1 1 1 2 1 2 1 1 1 2 2 2 2 1 
双人床 单人床 1.3333333333333333 1 0 1 2 2 2 1 1 1 1 2 2 1 1 2 
专科学校 师范学校 1.3333333333333333 1 0 1 2 2 1 2 1 1 1 1 2 2 1 2 
报表 损益表 1.3333333333333333 1 0 1 1 2 0 1 1 1 1 3 3 2 1 2 
年初 一月份 1.3333333333333333 1 0 2 1 1 2 1 2 1 2 2 1 2 1 1 
流食 软食 1.3333333333333333 1 1 2 1 2 1 1 1 1 2 2 2 1 1 1 
靶心 箭靶 1.3333333333333333 0 1 2 1 3 1 1 2 0 2 0 0 2 2 3 
历史唯物主义 辩证唯物主义 1.3333333333333333 1 2 2 1 1 2 1 1 1 2 1 1 2 1 1 
中国银行 建设银行 1.2666666666666666 1 0 2 1 1 2 1 2 1 1 2 2 1 1 1 
挂钟 石英钟 1.2666666666666666 1 1 1 1 2 2 1 2 1 1 1 1 1 1 2 
修养 学识 1.2666666666666666 1 1 2 1 2 1 0 1 0 1 2 2 2 2 1 
夜空 苍穹 1.2666666666666666 1 1 1 1 2 1 2 1 1 1 2 2 1 1 1 
代理人 委托人 1.2666666666666666 1 1 0 1 0 2 1 2 3 1 2 0 2 2 1 
蛙泳 蝶泳 1.2666666666666666 1 1 1 1 1 2 1 2 1 1 1 1 1 2 2 
草药 良药 1.2666666666666666 1 1 2 1 1 1 1 1 0 1 2 2 2 2 1 
太阳系 银河系 1.2 1 0 2 2 2 2 1 2 1 1 0 1 1 1 1 
老婆婆 老爷爷 1.2 1 1 1 1 2 1 1 1 1 1 3 1 1 1 1 
代理商 分销商 1.2 1 0 1 1 1 1 2 1 1 1 4 1 1 1 1 
草丛 灌木丛 1.2 0 0 2 1 1 1 1 2 1 1 3 1 1 2 1 
痢疾 肠道疾病 1.2 0 1 1 2 2 1 2 2 1 1 0 2 1 1 1 
奖章 奖旗 1.2 1 1 1 3 1 1 1 1 1 1 2 1 1 1 1 
公务 外事 1.2 1 1 2 1 1 2 1 2 1 1 2 0 1 1 1 
街头 十字路口 1.2 1 0 2 1 1 0 2 2 1 1 1 1 1 1 3 
水桶 水瓢 1.2 1 1 1 1 1 1 1 1 1 1 2 2 2 1 1 
知府 县令 1.2 1 2 1 1 1 1 2 0 1 2 1 1 1 2 1 
他家 她家 1.2 1 1 1 1 1 1 1 1 1 1 1 2 1 2 2 
扁桃体炎 咽喉炎 1.1333333333333333 1 0 1 1 2 0 2 1 1 1 3 1 1 1 1 
机型 型号 1.1333333333333333 1 0 2 1 1 1 2 2 0 0 1 1 2 1 2 
山峰 丘陵 1.1333333333333333 1 0 2 1 1 0 1 1 1 1 3 1 0 1 3 
锦标赛 巡回赛 1.1333333333333333 1 1 1 1 1 1 2 1 1 2 1 1 1 1 1 
春季 今春 1.1333333333333333 1 1 2 1 1 1 1 1 1 1 1 1 1 2 1 
乘法 除法 1.1333333333333333 1 1 1 1 1 1 1 1 1 2 2 1 1 2 0 
全市 全县 1.1333333333333333 1 1 1 0 1 1 1 1 1 2 1 2 1 2 1 
外孙 外孙女 1.1333333333333333 1 1 0 1 1 1 2 2 1 1 1 1 1 2 1 
暑假 寒假 1.1333333333333333 1 1 1 1 1 1 1 2 1 2 1 1 1 1 1 
主教练 主帅 1.0666666666666667 2 0 1 1 2 0 1 2 1 1 1 2 1 0 1 
甲苯 二甲苯 1.0666666666666667 1 0 1 1 2 0 1 1 2 1 1 2 1 1 1 
胃癌 直肠癌 1.0666666666666667 1 1 1 1 1 0 2 2 2 1 0 1 1 1 1 
水产品 淡水鱼 1.0666666666666667 1 0 1 2 2 2 2 2 0 0 0 1 1 1 1 
曲调 唱腔 1.0666666666666667 0 1 1 1 2 0 1 1 2 2 2 0 0 1 2 
姑父 舅父 1.0666666666666667 1 0 1 2 2 2 1 1 1 0 3 1 0 1 0 
统帅部 参谋部 1.0666666666666667 1 2 1 1 1 0 2 2 2 1 0 1 1 1 0 
相对主义 客观主义 1.0666666666666667 1 0 1 2 0 1 1 1 1 1 3 1 1 1 1 
码头 渔港 1.0666666666666667 0 1 1 0 1 0 2 0 1 1 2 2 2 2 1 
考题 作文题 1.0666666666666667 1 2 1 1 1 1 1 1 0 2 1 2 0 1 1 
贸易政策 贸易保护 1.0666666666666667 1 2 1 1 1 1 1 0 0 1 2 2 2 1 0 
巷子 巷口 1.0666666666666667 1 1 1 0 1 1 1 3 1 2 0 0 2 2 0 
杉木 杂木 1.0666666666666667 1 1 1 1 1 1 1 2 1 1 1 1 1 1 1 
论点 论据 1.0666666666666667 1 2 0 1 1 0 1 0 2 1 2 1 1 2 1 
元音 辅音 1.0666666666666667 1 1 0 1 1 1 1 2 1 2 1 1 1 1 1 
南部地区 北部地区 1.0666666666666667 1 1 0 1 1 1 1 2 1 2 1 1 1 1 1 
东北角 西北角 1.0666666666666667 1 1 0 1 1 1 1 2 1 2 1 1 1 1 1 
星期天 星期六 1.0 1 0 1 0 1 1 1 1 1 1 3 1 1 1 1 
南部 北部 1.0 1 1 1 1 2 1 1 1 1 1 1 1 0 1 1 
东门 南门 1.0 1 0 1 1 2 1 1 1 1 1 1 1 1 1 1 
西南 西北 1.0 2 1 1 1 1 1 1 1 1 1 1 1 0 1 1 
西北角 西南角 1.0 2 1 1 1 1 1 1 1 1 1 0 1 1 1 1 
金奖 铜奖 1.0 1 1 1 1 1 1 1 1 1 1 1 1 1 1 1 
西站 北站 1.0 1 0 1 1 1 1 1 1 2 1 1 1 1 1 1 
伯父 伯母 1.0 1 0 1 1 2 1 1 1 0 1 3 1 1 0 1 
枸杞 党参 1.0 1 0 1 1 0 1 1 1 1 1 3 1 1 1 1 
盟兄 盟弟 1.0 1 0 1 3 1 1 1 1 1 1 1 1 1 1 0 
样本 标本 1.0 0 0 2 2 1 2 1 0 1 3 1 2 0 0 0 
圣诞节 感恩节 1.0 1 1 1 1 1 1 1 1 1 1 1 1 1 1 1 
股票市场 熊市 1.0 0 2 2 1 1 0 1 0 0 1 0 2 2 2 1 
偶像 巨星 1.0 1 1 2 1 1 1 1 0 0 1 2 1 0 2 1 
牛仔裤 牛仔 1.0 0 1 1 0 1 3 1 0 1 1 2 2 2 0 0 
私立学校 公立学校 1.0 1 1 1 1 1 1 1 1 1 1 1 1 1 1 1 
书桌 书柜 1.0 1 2 2 0 1 0 2 2 1 1 1 0 0 1 1 
民主党人 共和党人 1.0 1 1 0 1 1 1 1 1 1 2 1 1 1 1 1 
表姐 表妹 1.0 1 1 0 1 1 1 1 1 1 2 1 1 1 1 1 
前妻 前夫 1.0 1 1 0 1 1 1 1 2 1 1 1 1 1 1 1 
春季 秋季 1.0 1 1 0 1 1 1 1 2 1 1 1 1 1 1 1 
东北部 西北部 0.9333333333333333 2 1 1 1 0 1 1 1 1 1 0 1 1 1 1 
西侧 北侧 0.9333333333333333 1 0 1 1 1 1 1 1 2 1 1 1 0 1 1 
西边 南边 0.9333333333333333 1 0 1 1 1 1 1 1 2 1 1 1 0 1 1 
坐相 站相 0.9333333333333333 1 0 1 1 1 1 1 1 1 1 1 1 1 1 1 
工业革命 资产阶级革命 0.9333333333333333 1 0 1 1 1 1 1 1 2 1 1 0 1 1 1 
甘蔗 甘薯 0.9333333333333333 1 1 0 1 1 1 1 1 1 1 1 1 1 1 1 
水产 淡水鱼 0.9333333333333333 1 1 1 0 1 0 1 0 0 1 2 2 2 2 0 
中国科学院 社会科学院 0.9333333333333333 1 1 1 1 1 0 1 0 0 2 1 1 2 1 1 
火山岩 沉积岩 0.9333333333333333 1 1 1 1 1 1 1 1 1 1 1 1 0 1 1 
舰队 战舰 0.9333333333333333 0 1 2 0 1 1 1 0 1 1 2 0 2 1 1 
蚊子 苍蝇 0.9333333333333333 1 1 1 0 1 1 1 1 1 1 1 1 1 1 1 
船头 船尾 0.9333333333333333 1 1 0 1 1 1 2 0 1 1 1 1 1 1 1 
西边 东边 0.8666666666666667 1 0 1 1 1 1 1 1 1 1 0 1 1 1 1 
东北角 西南角 0.8666666666666667 1 1 1 1 0 1 1 1 1 1 1 1 0 1 1 
专卖店 连锁店 0.8666666666666667 1 0 2 0 1 0 1 1 1 1 1 1 1 1 1 
颜色 底色 0.8666666666666667 1 0 0 1 2 1 0 1 1 1 1 1 1 1 1 
理工大学 工学院 0.8666666666666667 0 1 1 2 1 0 1 0 2 1 2 1 1 0 0 
天文学 地质学 0.8666666666666667 1 0 1 1 1 0 1 1 2 1 1 1 0 1 1 
教育者 指导者 0.8666666666666667 0 0 2 1 0 0 2 1 0 0 3 1 1 1 1 
烤鸡 烤乳猪 0.8666666666666667 1 0 1 1 1 1 1 1 1 1 0 1 1 1 1 
笔法 笔锋 0.8666666666666667 0 0 1 1 1 1 2 1 1 1 1 1 0 0 2 
监视器 录像机 0.8666666666666667 1 1 1 0 1 1 1 0 0 1 1 1 1 2 1 
芒果 桔子 0.8666666666666667 1 1 0 0 1 1 1 1 1 1 1 1 1 1 1 
西侧 南侧 0.8 1 1 1 0 1 1 1 1 1 1 0 1 0 1 1 
空军 我军 0.8 1 0 1 1 1 1 2 1 0 1 0 0 1 1 1 
保镖 家丁 0.8 1 1 1 2 0 0 1 1 0 0 1 1 1 1 1 
生理学 病理学 0.8 1 0 1 1 1 0 1 1 1 1 0 1 1 1 1 
都城 内城 0.8 0 1 2 1 1 1 0 2 0 1 0 1 0 1 1 
学士学位 毕业文凭 0.8 1 0 1 0 1 0 1 0 1 2 1 2 1 1 0 
头球 任意球 0.8 0 1 1 0 1 1 1 1 1 0 0 1 1 2 1 
厂矿 工矿企业 0.8 0 1 2 0 1 3 0 0 0 1 0 0 1 2 1 
妻子 丈夫 0.7333333333333333 1 1 1 1 0 1 1 1 0 0 3 0 0 1 0 
楼盘 房源 0.7333333333333333 0 0 0 0 1 2 1 0 1 2 3 1 0 0 0 
草莓 柠檬 0.7333333333333333 1 0 1 1 1 0 1 1 0 1 0 1 1 1 1 
病理学 细胞学 0.7333333333333333 1 0 1 1 1 0 1 1 1 1 1 0 1 1 0 
南疆 边陲 0.7333333333333333 0 0 1 2 2 0 2 2 0 0 1 0 0 0 1 
思想 作风 0.7333333333333333 0 1 1 0 1 1 1 1 1 2 0 0 1 1 0 
立法权 审判权 0.7333333333333333 1 1 0 0 1 1 1 1 0 1 1 0 1 1 1 
中国科学院 工程院 0.7333333333333333 1 1 1 1 1 0 1 0 0 1 2 0 0 1 1 
微积分 概率论 0.7333333333333333 1 1 0 0 1 0 0 1 1 1 1 1 1 1 1 
番茄 南瓜 0.7333333333333333 1 1 0 0 1 0 1 1 1 1 1 0 1 1 1 
开发商 房地产商 0.7333333333333333 1 1 1 0 0 1 1 1 1 0 0 2 1 1 0 
研讨会 招待会 0.7333333333333333 1 1 1 0 1 0 2 0 1 1 1 0 0 1 1 
压缩机 汽油机 0.7333333333333333 0 1 1 1 0 1 1 2 1 1 0 1 0 0 1 
条目 词条 0.6666666666666666 0 0 1 1 2 0 1 1 1 1 1 0 0 1 0 
战斗机 舰只 0.6666666666666666 1 0 2 0 0 1 1 1 1 1 0 0 0 1 1 
教育局 物价局 0.6666666666666666 1 0 1 0 1 1 1 1 1 0 0 1 1 1 0 
躯干 前臂 0.6666666666666666 0 0 2 0 0 2 1 2 0 1 0 0 2 0 0 
野草 灌木丛 0.6666666666666666 0 0 1 1 1 0 1 1 1 0 2 1 0 1 0 
管理费 佣金 0.6666666666666666 1 1 1 0 1 0 0 1 0 1 1 1 0 1 1 
邮政局 邮政储蓄 0.6666666666666666 0 1 2 0 0 1 0 0 0 3 0 2 1 0 0 
肺炎 哮喘 0.6666666666666666 0 1 1 0 0 0 1 0 1 2 0 1 0 1 2 
资本主义社会 奴隶社会 0.6666666666666666 1 1 0 1 1 0 0 1 0 0 1 0 1 2 1 
通货膨胀 通货紧缩 0.6666666666666666 0 1 0 1 1 1 0 0 1 1 1 1 0 1 1 
归侨 侨眷 0.6666666666666666 0 1 0 0 1 1 0 0 1 2 0 1 1 1 1 
材料 香料 0.6666666666666666 0 0 1 0 1 1 0 2 0 0 2 1 1 1 0 
生理性 病理性 0.6 0 0 2 1 1 0 0 1 2 0 0 1 1 0 0 
赛季 赛季前 0.6 0 0 1 1 1 1 1 1 1 1 0 1 0 0 0 
势力 势力范围 0.6 0 0 0 2 2 1 1 0 0 1 0 1 0 1 0 
学年 三年级 0.6 0 0 1 1 1 1 1 0 0 0 0 1 2 1 0 
逃犯 交通肇事逃逸 0.6 0 0 2 0 1 1 0 0 1 1 0 0 2 1 0 
姐妹 伯母 0.6 1 1 0 0 1 0 0 1 1 1 1 1 0 1 0 
年底 年初 0.5333333333333333 1 0 1 0 1 0 0 0 1 1 0 1 0 1 1 
买主 卖主 0.5333333333333333 0 1 1 1 1 0 1 1 0 0 0 1 0 1 0 
部队 士兵 0.5333333333333333 0 1 1 2 0 0 2 0 0 0 1 1 0 0 0 
富户 乡绅 0.5333333333333333 0 0 0 0 1 0 1 1 0 0 3 1 0 1 0 
东部 北部地区 0.5333333333333333 1 0 1 0 0 1 0 1 1 1 0 1 0 0 1 
政界 文化界 0.5333333333333333 1 0 0 1 0 0 1 1 0 1 0 1 1 1 0 
结肠炎 溃疡病 0.5333333333333333 0 0 1 1 1 0 0 1 0 1 2 0 0 1 0 
公约 禁令 0.5333333333333333 0 0 1 2 0 0 0 1 0 1 2 0 0 1 0 
补偿金 扶养费 0.5333333333333333 0 0 1 1 1 0 1 1 1 1 0 1 0 0 0 
党章 党务 0.5333333333333333 0 0 1 1 1 1 0 1 1 1 0 1 0 0 0 
呼吸道 外耳道 0.5333333333333333 0 0 1 1 1 0 1 0 1 1 0 0 1 1 0 
息肉 脂肪瘤 0.5333333333333333 0 1 1 1 2 0 0 1 0 0 0 0 1 1 0 
帐篷 雨伞 0.5333333333333333 0 0 1 0 1 1 1 0 1 0 1 0 0 1 1 
脸部 肚脐 0.5333333333333333 1 0 1 0 0 0 1 1 0 1 1 0 0 1 1 
绿营 蓝营 0.4666666666666667 0 0 1 0 1 1 0 2 1 0 0 0 0 1 0 
脸蛋 娃娃脸 0.4666666666666667 0 0 1 0 1 0 1 1 0 1 0 0 1 1 0 
股票 股票市场 0.4666666666666667 0 0 0 1 1 1 1 1 0 1 0 0 0 1 0 
枯树 枝桠 0.4666666666666667 0 0 1 2 0 0 0 0 0 1 3 0 0 0 0 
野兔 黄羊 0.4666666666666667 1 1 0 0 0 0 1 0 0 1 1 0 1 1 0 
丫头 姨娘 0.4666666666666667 1 1 0 0 1 0 0 1 0 1 0 0 0 1 1 
政协 人大常委会 0.4666666666666667 0 1 1 0 0 0 0 0 1 1 0 1 0 1 1 
走势 涨幅 0.4666666666666667 0 0 1 0 1 1 1 0 0 1 0 0 2 0 0 
姐夫 表弟 0.4 1 0 1 0 0 0 1 1 0 0 0 0 0 1 1 
耗子 蝎子 0.4 0 0 1 1 1 0 1 0 0 0 0 1 0 1 0 
一家人 兄弟俩 0.4 0 0 0 1 1 0 0 1 1 0 0 0 0 1 1 
建筑师 自由职业者 0.4 1 0 1 0 0 0 1 1 0 0 1 0 0 0 1 
科研 课题组 0.4 0 0 1 0 0 1 0 0 1 1 0 0 1 1 0 
头部 四肢 0.4 1 0 0 1 0 0 0 0 0 1 1 0 0 1 1 
充电器 锂电池 0.4 0 0 1 0 0 1 1 0 0 1 0 2 0 0 0 
厨师 厨艺 0.4 0 1 1 0 0 1 0 0 0 1 0 0 1 1 0 
胸前 脖颈 0.4 0 0 0 0 1 0 0 0 0 0 1 1 0 2 1 
门票 票价 0.4 1 1 1 0 0 0 1 0 0 1 0 0 0 1 0 
墓穴 棺木 0.4 0 1 1 0 1 0 0 0 1 1 0 0 0 0 1 
咖啡馆 歌舞厅 0.4 1 0 0 1 0 0 0 0 0 1 0 1 0 1 1 
泪珠 口涎 0.4 1 1 0 0 1 0 0 1 0 1 0 1 0 0 0 
小组赛 预选 0.3333333333333333 0 0 1 0 0 0 0 0 1 0 2 0 0 0 1 
人选 初选 0.3333333333333333 0 0 0 0 1 0 1 0 2 1 0 0 0 0 0 
梆子 晋剧 0.3333333333333333 0 1 2 0 1 0 0 0 0 0 0 0 0 1 0 
台灯 烛台 0.3333333333333333 0 1 1 0 0 1 0 0 1 0 0 0 0 0 1 
考试 命题 0.3333333333333333 1 1 0 0 0 0 0 0 0 1 0 0 0 1 1 
短剑 剑锋 0.3333333333333333 0 0 1 0 1 0 1 0 0 1 0 0 0 1 0 
山药 茯苓 0.26666666666666666 0 0 1 0 1 0 0 0 0 1 0 0 0 1 0 
奶子 乳沟 0.26666666666666666 0 1 0 0 1 0 0 0 0 2 0 0 0 0 0 
虫害 棉铃虫 0.26666666666666666 0 0 0 2 0 2 0 0 0 0 0 0 0 0 0 
寝宫 暖阁 0.26666666666666666 0 0 1 1 0 0 1 0 0 0 0 1 0 0 0 
封建制度 资本主义经济 0.26666666666666666 0 0 1 2 0 0 0 0 0 0 0 0 1 0 0 
审议 全体会议 0.26666666666666666 0 0 0 0 1 0 0 0 0 1 0 0 0 1 1 
课文 句子 0.26666666666666666 0 0 1 0 1 1 0 1 0 0 0 0 0 0 0 
政策 所有制 0.26666666666666666 1 0 1 0 0 0 0 0 0 0 0 1 1 0 0 
液晶 显示器 0.2 0 0 0 0 1 0 1 0 0 0 0 0 0 0 1 
菩萨 功德 0.2 0 0 0 0 1 1 0 0 0 1 0 0 0 0 0 
药物 西医 0.2 0 0 1 1 0 1 0 0 0 0 0 0 0 0 0 
区域 边缘 0.2 0 0 1 0 0 0 1 1 0 0 0 0 0 0 0 
灯罩 吸顶灯 0.2 0 0 1 1 0 0 0 0 0 0 1 0 0 0 0 
桑拿 浴池 0.2 0 0 1 1 0 0 1 0 0 0 0 0 0 0 0 
街灯 灯柱 0.2 0 0 1 1 0 1 0 0 0 0 0 0 0 0 0 
百货 专柜 0.2 0 0 1 0 0 0 0 0 1 1 0 0 0 0 0 
年糕 烧鸭 0.2 0 0 1 0 0 0 1 0 0 0 0 0 0 1 0 
鞋子 袜子 0.2 0 0 0 0 1 0 1 0 0 0 0 1 0 0 0 
月初 年末 0.2 0 0 1 0 0 0 0 1 0 0 0 0 0 1 0 
病因 哮喘 0.2 0 0 0 0 0 1 0 0 0 0 0 0 1 1 0 
词句 修辞 0.2 0 0 1 0 1 0 0 0 0 0 0 0 1 0 0 
一带 城内 0.2 0 0 1 0 0 0 0 0 0 1 0 1 0 0 0 
目标 战略 0.2 0 0 1 0 0 0 0 0 0 0 0 0 0 1 1 
变电站 输电线 0.2 0 1 0 0 0 0 0 0 0 1 0 0 0 0 1 
词句 文法 0.2 0 0 1 0 0 0 0 0 0 0 0 0 0 1 1 
军事 预备役 0.2 0 0 1 0 1 0 0 0 0 1 0 0 0 0 0 
措施 思路 0.2 0 0 1 0 0 0 0 0 0 0 0 1 0 1 0 
头领 侍从 0.2 1 0 0 0 0 0 0 0 0 1 0 0 0 1 0 
劳动者 就业岗位 0.2 0 1 0 0 0 0 1 0 0 0 0 0 1 0 0 
外交 内政 0.13333333333333333 0 0 1 0 1 0 0 0 0 0 0 0 0 0 0 
电话号码 通讯录 0.13333333333333333 0 0 2 0 0 0 0 0 0 0 0 0 0 0 0 
表哥 小儿子 0.13333333333333333 0 0 1 0 0 0 0 1 0 0 0 0 0 0 0 
电机 连接器 0.13333333333333333 0 0 1 0 0 1 0 0 0 0 0 0 0 0 0 
未婚妻 密友 0.13333333333333333 0 0 1 0 0 0 0 1 0 0 0 0 0 0 0 
电视观众 音乐爱好者 0.13333333333333333 0 0 1 0 0 0 0 1 0 0 0 0 0 0 0 
农田 水土流失 0.13333333333333333 0 1 0 0 0 0 0 0 0 1 0 0 0 0 0 
外观 质感 0.13333333333333333 0 0 1 0 0 0 0 0 0 0 0 0 0 1 0 
举人 会试 0.13333333333333333 0 0 0 0 0 0 0 0 0 0 0 0 2 0 0 
决赛 冠亚军 0.13333333333333333 0 0 0 0 0 0 0 0 0 0 0 0 2 0 0 
眼色 泪眼 0.13333333333333333 0 0 1 0 1 0 0 0 0 0 0 0 0 0 0 
弓箭手 建筑工人 0.13333333333333333 1 0 0 1 0 0 0 0 0 0 0 0 0 0 0 
坟墓 遗言 0.13333333333333333 0 0 0 0 0 0 0 0 1 0 0 0 0 0 1 
潮流 宠儿 0.13333333333333333 0 0 1 0 0 0 0 0 0 0 1 0 0 0 0 
纪念馆 追悼会 0.13333333333333333 0 0 1 0 0 0 0 0 0 0 0 0 0 0 1 
工厂 供应商 0.13333333333333333 0 0 0 0 1 0 0 0 0 0 0 0 0 1 0 
山里 山民 0.06666666666666667 0 0 0 0 1 0 0 0 0 0 0 0 0 0 0 
党员 团支部 0.06666666666666667 0 0 0 0 0 0 0 0 0 0 0 0 0 1 0 
锅炉 热电厂 0.06666666666666667 0 0 0 0 0 0 0 0 0 0 0 1 0 0 0 
莲子 冰糖 0.06666666666666667 0 0 0 1 0 0 0 0 0 0 0 0 0 0 0 
剑术 绝学 0.06666666666666667 0 0 1 0 0 0 0 0 0 0 0 0 0 0 0 
塑料 模具 0.06666666666666667 0 0 0 1 0 0 0 0 0 0 0 0 0 0 0 
大使馆 政要 0.06666666666666667 0 0 0 0 0 0 0 0 0 1 0 0 0 0 0 
研究院 科教 0.06666666666666667 0 0 0 0 0 1 0 0 0 0 0 0 0 0 0 
海边 家门口 0.06666666666666667 0 0 0 0 0 0 0 1 0 0 0 0 0 0 0 
辖区 城管 0.06666666666666667 0 0 0 0 0 0 0 0 0 1 0 0 0 0 0 
恶魔 梦魇 0.06666666666666667 0 0 0 0 0 0 0 0 0 0 0 0 0 0 1 
目标 力量 0.06666666666666667 0 0 0 0 0 0 0 0 0 0 0 0 0 1 0 
患者 创伤 0.06666666666666667 0 0 0 0 0 0 0 0 0 1 0 0 0 0 0 
军士 家丁 0.06666666666666667 0 1 0 0 0 0 0 0 0 0 0 0 0 0 0 
人质 匪徒 0.06666666666666667 0 0 0 0 0 1 0 0 0 0 0 0 0 0 0 
阶级斗争 修正主义 0.06666666666666667 0 0 1 0 0 0 0 0 0 0 0 0 0 0 0 
树枝 草丛 0.06666666666666667 0 0 0 0 0 0 0 0 0 1 0 0 0 0 0 
排放量 温室气体 0.06666666666666667 0 0 0 0 0 0 0 0 0 0 0 0 0 1 0 
窗子 门缝 0.06666666666666667 0 0 1 0 0 0 0 0 0 0 0 0 0 0 0 
电厂 集中供热 0.06666666666666667 0 0 0 0 0 0 0 0 0 0 0 0 0 1 0 
渔业 贝类 0.06666666666666667 0 0 1 0 0 0 0 0 0 0 0 0 0 0 0 
应届毕业生 中文系 0.06666666666666667 0 0 1 0 0 0 0 0 0 0 0 0 0 0 0 
短语 字根 0.06666666666666667 0 0 0 0 0 0 0 0 0 0 0 0 0 1 0 
能力 缺陷 0.06666666666666667 0 0 0 0 0 0 0 0 0 0 0 0 0 1 0 
助手 辩护律师 0.06666666666666667 0 0 1 0 0 0 0 0 0 0 0 0 0 0 0 
复印件 公章 0.0 0 0 0 0 0 0 0 0 0 0 0 0 0 0 0 
词典 英汉 0.0 0 0 0 0 0 0 0 0 0 0 0 0 0 0 0 
球队 赛季 0.0 0 0 0 0 0 0 0 0 0 0 0 0 0 0 0 
第二天 傍晚 0.0 0 0 0 0 0 0 0 0 0 0 0 0 0 0 0 
会徽 奥林匹克运动会 0.0 0 0 0 0 0 0 0 0 0 0 0 0 0 0 0 
绩效 经理人 0.0 0 0 0 0 0 0 0 0 0 0 0 0 0 0 0 
铁门 门锁 0.0 0 0 0 0 0 0 0 0 0 0 0 0 0 0 0 
武器 士兵 0.0 0 0 0 0 0 0 0 0 0 0 0 0 0 0 0 
赛季 赛场 0.0 0 0 0 0 0 0 0 0 0 0 0 0 0 0 0 
内幕 特工 0.0 0 0 0 0 0 0 0 0 0 0 0 0 0 0 0 
座谈会 辅导员 0.0 0 0 0 0 0 0 0 0 0 0 0 0 0 0 0 
打印机 阵列 0.0 0 0 0 0 0 0 0 0 0 0 0 0 0 0 0 
河水 水温 0.0 0 0 0 0 0 0 0 0 0 0 0 0 0 0 0 
脱氧核糖核酸 巨细胞 0.0 0 0 0 0 0 0 0 0 0 0 0 0 0 0 0 
根部 耳孔 0.0 0 0 0 0 0 0 0 0 0 0 0 0 0 0 0 
剑刃 鞭梢 0.0 0 0 0 0 0 0 0 0 0 0 0 0 0 0 0 
霉菌 细菌培养 0.0 0 0 0 0 0 0 0 0 0 0 0 0 0 0 0 
一瞬间 头部 0.0 0 0 0 0 0 0 0 0 0 0 0 0 0 0 0 
煤矿 火电 0.0 0 0 0 0 0 0 0 0 0 0 0 0 0 0 0 
侍卫 宝剑 0.0 0 0 0 0 0 0 0 0 0 0 0 0 0 0 0 
股权 民营企业 0.0 0 0 0 0 0 0 0 0 0 0 0 0 0 0 0 
耻辱 胜利者 0.0 0 0 0 0 0 0 0 0 0 0 0 0 0 0 0 
纳税人 工商局 0.0 0 0 0 0 0 0 0 0 0 0 0 0 0 0 0 
兽医 医务室 0.0 0 0 0 0 0 0 0 0 0 0 0 0 0 0 0 
产业 港口 0.0 0 0 0 0 0 0 0 0 0 0 0 0 0 0 0 
孟子 西周 0.0 0 0 0 0 0 0 0 0 0 0 0 0 0 0 0 
专家 法规 0.0 0 0 0 0 0 0 0 0 0 0 0 0 0 0 0 
实力 八一 0.0 0 0 0 0 0 0 0 0 0 0 0 0 0 0 0 
双肩 旅行袋 0.0 0 0 0 0 0 0 0 0 0 0 0 0 0 0 0 
兵力 本部 0.0 0 0 0 0 0 0 0 0 0 0 0 0 0 0 0 
元旦 合家 0.0 0 0 0 0 0 0 0 0 0 0 0 0 0 0 0 
胡萝卜 豆干 0.0 0 0 0 0 0 0 0 0 0 0 0 0 0 0 0 
影视 著作权 0.0 0 0 0 0 0 0 0 0 0 0 0 0 0 0 0 
资质 法人 0.0 0 0 0 0 0 0 0 0 0 0 0 0 0 0 0 
影响力 服饰 0.0 0 0 0 0 0 0 0 0 0 0 0 0 0 0 0 
评论家 新闻摄影 0.0 0 0 0 0 0 0 0 0 0 0 0 0 0 0 0 
线圈 谐振 0.0 0 0 0 0 0 0 0 0 0 0 0 0 0 0 0 
暑假 补习班 0.0 0 0 0 0 0 0 0 0 0 0 0 0 0 0 0 
美术家 作协 0.0 0 0 0 0 0 0 0 0 0 0 0 0 0 0 0 
船只 岸边 0.0 0 0 0 0 0 0 0 0 0 0 0 0 0 0 0 
通货膨胀 中国央行 0.0 0 0 0 0 0 0 0 0 0 0 0 0 0 0 0 
官军 流寇 0.0 0 0 0 0 0 0 0 0 0 0 0 0 0 0 0 
傍晚 这天 0.0 0 0 0 0 0 0 0 0 0 0 0 0 0 0 0 
故事 主人公 0.0 0 0 0 0 0 0 0 0 0 0 0 0 0 0 0 
华语 流行音乐 0.0 0 0 0 0 0 0 0 0 0 0 0 0 0 0 0 
目前 调查报告 0.0 0 0 0 0 0 0 0 0 0 0 0 0 0 0 0 
昆仑 泰山北斗 0.0 0 0 0 0 0 0 0 0 0 0 0 0 0 0 0 
盟主 浪子 0.0 0 0 0 0 0 0 0 0 0 0 0 0 0 0 0 
此人 义父 0.0 0 0 0 0 0 0 0 0 0 0 0 0 0 0 0 
黄金 春节 0.0 0 0 0 0 0 0 0 0 0 0 0 0 0 0 0 
做法 资本市场 0.0 0 0 0 0 0 0 0 0 0 0 0 0 0 0 0 
利爪 剑鞘 0.0 0 0 0 0 0 0 0 0 0 0 0 0 0 0 0 
事业 特质 0.0 0 0 0 0 0 0 0 0 0 0 0 0 0 0 0 
待遇 正式工 0.0 0 0 0 0 0 0 0 0 0 0 0 0 0 0 0 
民间传说 唱词 0.0 0 0 0 0 0 0 0 0 0 0 0 0 0 0 0 
竞走 保持者 0.0 0 0 0 0 0 0 0 0 0 0 0 0 0 0 0 
四肢 野兽 0.0 0 0 0 0 0 0 0 0 0 0 0 0 0 0 0 
隐患 规程 0.0 0 0 0 0 0 0 0 0 0 0 0 0 0 0 0 
赢家 入场券 0.0 0 0 0 0 0 0 0 0 0 0 0 0 0 0 0 
封建社会 政治制度 0.0 0 0 0 0 0 0 0 0 0 0 0 0 0 0 0 
标语 抗议者 0.0 0 0 0 0 0 0 0 0 0 0 0 0 0 0 0 
效能 党务 0.0 0 0 0 0 0 0 0 0 0 0 0 0 0 0 0 
暗夜 毒蛇 0.0 0 0 0 0 0 0 0 0 0 0 0 0 0 0 0 
票价 站名 0.0 0 0 0 0 0 0 0 0 0 0 0 0 0 0 0 
