察觉 觉察 4.0 4 4 4 4 4 4 4 4 4 4 4 4 4 4 4 
说谎 撒谎 4.0 4 4 4 4 4 4 4 4 4 4 4 4 4 4 4 
污蔑 诬蔑 4.0 4 4 4 4 4 4 4 4 4 4 4 4 4 4 4 
遛弯 遛弯儿 4.0 4 4 4 4 4 4 4 4 4 4 4 4 4 4 4 
侮辱 污辱 4.0 4 4 4 4 4 4 4 4 4 4 4 4 4 4 4 
想象 想像 4.0 4 4 4 4 4 4 4 4 4 4 4 4 4 4 4 
做伴 作伴 3.933333333333333 4 4 4 4 4 3 4 4 4 4 4 4 4 4 4 
环顾 环视 3.933333333333333 4 4 4 4 4 4 4 4 4 4 4 4 3 4 4 
亏本 赔本 3.933333333333333 4 4 4 4 4 4 4 4 4 4 4 4 3 4 4 
超出预期 超过预期 3.933333333333333 4 3 4 4 4 4 4 4 4 4 4 4 4 4 4 
移到 移至 3.933333333333333 4 4 4 4 4 3 4 4 4 4 4 4 4 4 4 
寻找 寻觅 3.933333333333333 4 4 4 4 4 4 4 4 3 4 4 4 4 4 4 
做手术 动手术 3.933333333333333 3 4 4 4 4 4 4 4 4 4 4 4 4 4 4 
捉弄 作弄 3.933333333333333 4 4 4 4 4 3 4 4 4 4 4 4 4 4 4 
煮饭 烧饭 3.933333333333333 3 4 4 4 4 4 4 4 4 4 4 4 4 4 4 
作秀 做秀 3.933333333333333 4 4 4 4 4 3 4 4 4 4 4 4 4 4 4 
唯恐 惟恐 3.8666666666666667 4 4 4 4 4 4 4 4 4 4 4 4 4 3 3 
躲闪 闪躲 3.8666666666666667 4 3 4 4 3 4 4 4 4 4 4 4 4 4 4 
窥视 窥探 3.8666666666666667 4 4 4 4 4 4 3 4 4 4 4 4 4 4 3 
缉拿 缉捕 3.8666666666666667 4 4 4 4 3 4 4 4 3 4 4 4 4 4 4 
屠杀 屠戮 3.8666666666666667 4 4 4 4 4 4 4 4 2 4 4 4 4 4 4 
悲鸣 哀鸣 3.8666666666666667 4 4 4 4 3 4 4 4 4 4 4 4 4 4 3 
战栗 颤栗 3.8666666666666667 4 4 4 4 4 3 3 4 4 4 4 4 4 4 4 
服侍 侍候 3.8 4 3 3 4 4 4 3 4 4 4 4 4 4 4 4 
作孽 造孽 3.8 4 3 4 4 4 4 4 4 4 3 4 4 4 3 4 
效仿 仿效 3.8 4 4 3 4 4 3 4 4 3 4 4 4 4 4 4 
施压 施加压力 3.7333333333333334 4 3 4 2 4 3 4 4 4 4 4 4 4 4 4 
换挡 换档 3.6666666666666665 4 2 4 4 4 4 4 4 2 4 4 4 4 3 4 
逃跑 逃走 3.6666666666666665 4 4 4 4 4 3 4 4 4 4 4 2 3 3 4 
源于 源自 3.6666666666666665 4 2 4 4 4 3 3 4 4 4 4 3 4 4 4 
晃荡 晃悠 3.6666666666666665 4 3 4 4 4 3 4 4 4 4 4 2 4 3 4 
课税 课征 3.6666666666666665 4 3 4 4 2 3 3 4 4 4 4 4 4 4 4 
信心十足 满怀信心 3.6666666666666665 4 3 4 4 3 3 4 3 4 4 4 4 3 4 4 
激增 猛增 3.6 4 3 4 4 4 3 3 3 3 4 4 3 4 4 4 
惊异 惊诧 3.6 3 3 4 4 3 4 4 3 2 4 4 4 4 4 4 
环视 四顾 3.6 3 3 4 3 4 4 3 4 4 4 4 3 3 4 4 
消暑 解暑 3.6 4 4 4 4 4 3 2 4 3 3 4 4 4 4 3 
尽全力 竭尽全力 3.533333333333333 4 3 3 3 3 4 4 4 4 4 4 4 3 3 3 
猜测 揣测 3.533333333333333 4 2 4 4 3 3 4 3 3 4 4 4 3 4 4 
飙升 急升 3.533333333333333 4 2 4 3 4 4 4 3 4 2 4 4 3 4 4 
停止销售 停售 3.533333333333333 4 3 3 4 2 4 3 4 4 4 2 4 4 4 4 
护佑 佑护 3.533333333333333 3 3 4 4 4 3 3 4 4 4 4 3 4 3 3 
采样 取样 3.4 3 4 4 4 3 3 3 3 3 3 4 3 4 4 3 
忐忑不安 忐忑 3.3333333333333335 3 2 3 4 3 3 3 3 3 4 4 4 3 4 4 
作怪 作祟 3.3333333333333335 4 1 4 3 4 3 4 3 2 4 4 4 2 4 4 
飞驰 疾驰 3.3333333333333335 2 3 3 3 3 4 3 4 2 3 4 4 4 4 4 
跪拜 叩拜 3.2666666666666666 4 4 2 4 4 3 2 3 3 2 4 3 3 4 4 
扎根 植根于 3.2666666666666666 2 4 4 3 3 2 4 3 4 4 4 3 4 1 4 
碰钉子 碰一鼻子灰 3.2666666666666666 3 3 3 3 3 3 4 4 2 3 3 4 4 4 3 
蹒跚 步履蹒跚 3.2 3 2 4 4 4 3 4 2 2 3 4 3 3 3 4 
攻防 攻守 3.2 2 3 3 4 3 3 3 1 3 3 4 4 4 4 4 
悲切 哀戚 3.2 3 4 3 3 4 3 3 2 3 3 3 3 4 4 3 
疲惫 疲惫不堪 3.2 3 3 3 3 4 3 3 4 4 3 3 3 3 3 3 
佩戴 佩带 3.2 4 4 3 4 3 3 3 2 3 4 3 3 3 3 3 
敬仰 景仰 3.2 3 4 3 3 3 3 3 3 3 3 4 3 4 3 3 
暴晒 曝晒 3.1333333333333333 4 3 3 4 3 2 4 3 4 3 4 3 3 1 3 
扎营 宿营 3.1333333333333333 2 1 4 2 3 3 4 4 3 4 4 3 2 4 4 
戏弄 戏耍 3.1333333333333333 3 2 3 4 3 4 4 3 3 3 3 3 3 3 3 
拉拢 笼络 3.1333333333333333 4 3 4 3 3 2 3 3 2 3 4 3 3 3 4 
击掌 拍掌 3.1333333333333333 3 4 3 4 3 3 3 4 4 2 2 3 3 3 3 
惩治 惩处 3.1333333333333333 3 3 3 4 3 3 3 3 3 3 3 3 4 3 3 
滋事 寻衅 3.1333333333333333 2 4 3 3 3 4 4 3 3 3 2 3 4 3 3 
头晕 头昏 3.066666666666667 3 4 3 3 3 3 3 3 3 1 4 3 3 4 3 
抗衡 匹敌 3.066666666666667 3 2 4 3 2 2 4 3 3 4 4 4 3 1 4 
斗嘴 吵嘴 3.066666666666667 3 3 3 3 3 2 2 4 3 3 3 3 4 3 4 
盘膝 盘坐 3.066666666666667 3 3 4 4 3 2 3 2 3 3 3 4 4 2 3 
飞奔 狂奔 3.066666666666667 3 3 3 3 3 3 3 4 2 3 4 3 3 3 3 
惊奇 惊异 3.0 3 2 3 4 3 2 4 2 2 3 4 3 3 3 4 
耍花招 耍滑头 3.0 2 2 3 3 3 3 4 3 3 2 4 2 3 4 4 
牵扯 牵连 3.0 3 2 3 3 2 2 3 4 3 3 3 3 3 4 4 
害羞 羞怯 2.933333333333333 3 2 3 3 3 1 3 3 4 2 4 3 3 3 4 
阐述 论述 2.933333333333333 4 2 4 1 4 1 4 4 2 3 4 2 3 2 4 
迫使 逼迫 2.933333333333333 3 2 4 4 2 2 4 3 3 2 3 3 3 3 3 
得意洋洋 洋洋自得 2.933333333333333 2 2 3 4 3 1 4 2 4 3 4 3 3 3 3 
见上帝 见马克思 2.933333333333333 3 3 3 3 3 3 3 3 1 3 4 3 3 3 3 
奉命 受命 2.933333333333333 2 2 3 3 2 3 3 4 3 3 3 3 3 3 4 
感叹 感慨 2.8666666666666667 4 3 3 2 3 2 2 3 3 3 3 3 3 3 3 
悔恨 痛悔 2.8 3 1 3 1 3 4 3 2 3 3 4 2 3 3 4 
扔到 丢到 2.8 2 2 3 3 4 4 2 4 2 3 1 3 3 3 3 
抢劫 抢走 2.7333333333333334 2 2 4 3 3 4 1 2 2 3 4 3 2 4 2 
笑呵呵 笑盈盈 2.7333333333333334 3 3 3 2 3 3 3 4 2 3 2 3 2 3 2 
反绑 反剪 2.7333333333333334 3 3 3 2 3 2 2 2 3 3 3 3 4 3 2 
盘腿 盘坐 2.6666666666666665 2 2 4 2 3 4 3 2 3 2 2 2 3 2 4 
疲劳 过度疲劳 2.6666666666666665 3 1 3 3 3 3 3 2 2 3 4 2 2 3 3 
答应 满口答应 2.6666666666666665 2 3 3 2 3 3 3 3 1 3 3 3 2 3 3 
洞察 洞悉 2.6666666666666665 3 3 2 3 3 3 4 1 3 2 1 3 3 3 3 
泛滥 泛滥成灾 2.6 2 1 3 3 3 3 3 2 2 3 3 3 3 2 3 
激动不已 心潮澎湃 2.6 3 2 3 1 2 3 3 2 3 4 4 2 2 3 2 
追捕 捉拿 2.6 3 2 4 2 2 4 3 3 2 1 4 1 0 4 4 
储存 储藏 2.6 3 2 3 3 3 3 3 3 2 3 3 2 0 3 3 
更替 更迭 2.6 2 2 2 3 2 3 3 4 2 3 3 3 1 3 3 
惊恐 惊惶 2.533333333333333 2 2 2 3 3 3 3 2 3 4 1 2 3 2 3 
疾驰 急驰 2.533333333333333 3 3 3 2 4 2 2 2 3 3 2 3 1 3 2 
闪烁 闪耀 2.466666666666667 1 2 3 4 3 2 3 2 3 2 4 3 2 1 2 
痛骂 臭骂 2.466666666666667 2 3 2 2 3 2 3 3 1 2 4 2 3 1 4 
虚构 编造 2.466666666666667 2 2 3 3 2 2 3 2 2 3 4 1 3 2 3 
查处 查办 2.466666666666667 2 1 3 3 3 3 3 1 2 4 1 3 3 3 2 
流逝 消逝 2.4 3 1 3 3 3 3 3 3 1 3 3 1 3 1 2 
判刑 量刑 2.4 2 2 3 2 2 2 2 4 2 2 2 4 2 2 3 
吟唱 吟诵 2.4 2 3 2 2 3 3 2 1 2 3 2 2 3 3 3 
限于 仅限于 2.4 2 3 2 2 3 1 3 3 1 3 3 3 2 2 3 
责骂 臭骂 2.3333333333333335 2 1 3 3 3 1 3 2 2 1 4 2 2 3 3 
握有 在握 2.3333333333333335 3 1 2 3 2 3 3 2 2 2 2 3 2 3 2 
俯身 伏身 2.3333333333333335 2 2 2 2 3 3 1 4 2 3 2 3 1 3 2 
期待 期待已久 2.3333333333333335 2 2 3 1 3 2 3 3 2 2 3 3 2 3 1 
震惊 惊异 2.2666666666666666 2 2 3 2 2 3 2 2 1 2 3 3 3 2 2 
疲乏 困倦 2.2666666666666666 3 3 2 1 2 3 2 2 2 2 3 2 1 3 3 
传唤 传讯 2.2 1 1 2 1 3 2 3 3 2 3 3 3 3 0 3 
辱骂 污辱 2.2 2 2 2 3 2 3 2 3 1 2 2 2 2 3 2 
损坏 破损 2.2 2 1 3 0 3 2 3 2 3 2 2 3 2 3 2 
救灾 抗灾 2.1333333333333333 1 1 2 4 3 2 3 3 1 1 4 2 3 0 2 
融合 融入 2.1333333333333333 1 2 2 2 2 3 2 2 2 2 3 3 2 2 2 
拔腿 撒腿 2.1333333333333333 3 2 2 2 1 4 1 2 2 3 2 3 0 3 2 
增援 驰援 2.066666666666667 2 1 2 2 2 3 1 2 1 3 2 3 1 3 3 
风雨交加 风雨大作 2.066666666666667 2 2 2 3 2 2 2 2 1 1 2 3 2 3 2 
号啕大哭 痛哭失声 2.066666666666667 2 3 1 2 2 2 2 4 1 2 1 3 2 3 1 
改制 转制 2.0 1 0 2 3 2 2 4 2 2 3 2 2 2 1 2 
感佩 赞佩 2.0 2 1 2 2 3 2 3 2 2 1 3 2 2 1 2 
交手 交锋 2.0 1 2 3 1 2 3 2 2 1 2 2 3 2 2 2 
拉伤 肌肉拉伤 2.0 2 2 2 1 1 1 2 3 2 1 2 2 3 3 3 
诉说 述说 1.9333333333333333 3 1 2 2 3 2 3 2 1 1 3 2 2 1 1 
拍手 击掌 1.8666666666666667 1 0 1 1 3 3 3 3 2 2 4 1 1 1 2 
喝斥 叱喝 1.8666666666666667 1 2 1 3 3 0 4 1 2 2 2 1 2 2 2 
卖艺 卖唱 1.8 2 1 2 1 2 2 2 2 3 1 1 2 2 2 2 
查询 查阅 1.8 2 0 2 2 1 1 3 2 1 2 2 2 2 3 2 
寻找 搜集 1.8 2 2 2 1 2 2 2 1 2 1 2 2 2 2 2 
叩拜 叩谢 1.7333333333333334 3 1 2 4 2 2 1 1 1 2 1 1 0 3 2 
煲汤 煲粥 1.7333333333333334 2 1 2 2 2 1 1 1 3 1 1 2 2 3 2 
争斗 纷争 1.6666666666666667 1 1 2 1 2 1 1 2 2 2 2 2 2 2 2 
飘荡 摇荡 1.6 2 1 2 2 2 1 3 2 2 1 1 2 0 1 2 
雀跃 欢畅 1.6 1 1 2 1 1 1 2 2 1 1 2 2 3 2 2 
感到遗憾 扼腕 1.5333333333333334 0 1 2 2 0 1 1 3 1 2 2 2 2 2 2 
说笑 嘻笑 1.4666666666666666 1 1 2 1 2 2 1 1 2 2 2 1 1 2 1 
激愤 激奋 1.4666666666666666 1 2 2 0 2 1 2 1 1 2 1 2 1 2 2 
神侃 胡侃 1.4 1 1 2 1 3 1 3 1 1 1 1 1 3 0 1 
想象 试想 1.4 2 1 3 1 2 1 1 2 1 2 2 1 0 1 1 
羞愤 恼恨 1.4 1 2 2 0 1 1 2 2 1 1 1 2 3 1 1 
抗争 拼斗 1.4 1 1 2 1 1 1 1 2 1 2 1 3 1 1 2 
屠杀 虐杀 1.3333333333333333 1 1 2 2 2 0 1 1 1 1 1 2 2 2 1 
表演 跳舞 1.3333333333333333 1 1 2 1 2 2 2 2 1 0 3 1 0 1 1 
强攻 快攻 1.3333333333333333 0 1 2 1 2 2 1 1 0 2 1 1 2 3 1 
剥蚀 浸蚀 1.2666666666666666 2 0 1 2 1 0 2 1 2 1 3 1 1 1 1 
庇佑 赐福 1.2 1 1 2 0 1 1 1 1 1 2 2 2 1 1 1 
注塑 压铸 1.2 0 1 2 3 1 1 1 1 0 3 1 2 0 1 1 
编织 织布 1.2 2 1 2 0 2 1 0 2 1 1 0 2 2 1 1 
附赠 奉送 1.1333333333333333 1 1 2 1 1 0 1 0 2 2 1 1 2 1 1 
作案 盗窃 1.1333333333333333 1 1 1 0 1 1 2 1 1 1 2 2 1 2 0 
骗财 骗色 1.1333333333333333 1 1 1 1 1 2 2 0 1 0 1 1 2 2 1 
融汇 糅合 1.0666666666666667 1 0 1 2 1 1 1 2 1 1 1 0 1 2 1 
签字 盖章 1.0666666666666667 2 1 1 0 1 2 1 1 1 1 1 1 1 1 1 
傻笑 奸笑 1.0 1 2 1 1 1 0 1 1 1 1 1 1 1 1 1 
规范化 制度化 1.0 0 2 1 0 1 1 1 1 1 2 0 2 1 1 1 
暗笑 莞尔 0.9333333333333333 1 1 1 0 1 1 1 0 1 1 1 2 1 1 1 
失望 遗憾 0.9333333333333333 1 2 2 1 2 0 1 1 0 1 0 2 1 0 0 
敲诈 实施犯罪 0.9333333333333333 1 1 1 0 1 1 1 1 0 1 2 1 1 2 0 
肉搏 对攻 0.8666666666666667 0 1 0 1 1 0 1 2 1 1 2 1 0 1 1 
鄙夷 嘲弄 0.7333333333333333 1 1 0 1 0 1 1 2 1 0 1 1 0 1 0 
运到 抢运 0.7333333333333333 0 0 2 1 1 0 1 1 1 1 1 1 1 0 0 
外销 内销 0.7333333333333333 1 1 0 1 1 0 0 1 1 1 1 1 0 1 1 
主演 合演 0.6666666666666666 0 0 1 1 1 1 1 0 0 1 2 1 1 0 0 
瞒报 营私舞弊 0.6666666666666666 0 1 1 0 1 1 1 0 1 1 1 1 0 1 0 
共存 溶合 0.6666666666666666 0 1 1 0 0 0 1 1 1 1 1 1 0 1 1 
怒斥 挞伐 0.6 0 0 2 1 0 0 2 0 1 1 1 0 1 0 0 
屯垦 戍边 0.6 0 1 1 0 1 0 1 0 0 1 1 0 1 1 1 
唠叨 瞎说 0.5333333333333333 0 0 2 1 1 0 0 2 0 1 0 1 0 0 0 
治本 治标 0.4666666666666667 0 1 1 0 0 0 0 2 1 0 1 1 0 0 0 
判决 庭审 0.4666666666666667 0 0 1 0 1 0 1 0 1 1 0 0 1 1 0 
辩解 矢口否认 0.4666666666666667 1 1 1 0 1 0 1 1 0 0 0 0 0 0 1 
自责 痛心 0.4666666666666667 0 1 0 0 1 0 0 1 0 1 0 2 0 1 0 
茫然 惶恐 0.4 0 0 1 1 0 0 0 2 0 0 2 0 0 0 0 
绝望 迷惘 0.4 0 0 1 0 0 0 0 0 0 0 3 1 0 1 0 
谋杀 遇害 0.4 0 1 2 0 2 0 1 0 0 0 0 0 0 0 0 
恕罪 息怒 0.3333333333333333 0 0 0 0 0 1 1 1 0 0 1 0 0 1 0 
抄家 革职 0.3333333333333333 0 0 0 1 1 0 0 2 0 0 1 0 0 0 0 
偷笑 咧嘴 0.3333333333333333 1 0 1 0 1 0 0 0 0 1 0 1 0 0 0 
签收 拒收 0.3333333333333333 0 0 0 1 1 0 0 0 0 1 0 1 0 1 0 
减少 恶化 0.3333333333333333 0 0 1 0 0 0 1 0 1 0 1 0 1 0 0 
判决 败诉 0.3333333333333333 0 1 1 0 1 0 0 0 0 0 0 1 1 0 0 
伤害 惩罚 0.26666666666666666 0 0 0 0 0 0 0 0 0 0 3 0 0 1 0 
刑事拘留 审问 0.26666666666666666 0 1 0 0 0 0 0 0 0 1 0 0 0 1 1 
布置 督导 0.26666666666666666 0 1 1 0 0 0 0 0 1 0 0 1 0 0 0 
憎恶 痛骂 0.26666666666666666 0 0 1 0 0 0 0 0 1 0 0 0 0 1 1 
奔跑 弯腰 0.2 0 0 1 0 0 0 0 1 0 0 0 0 1 0 0 
阻截 掩杀 0.2 0 1 0 0 0 0 0 0 0 0 0 1 0 1 0 
挣脱 飞身 0.2 0 0 0 0 0 1 0 1 0 0 0 0 0 0 1 
哈哈大笑 拍手 0.13333333333333333 0 0 0 0 0 0 0 0 1 0 1 0 0 0 0 
检阅 列队 0.13333333333333333 0 0 2 0 0 0 0 0 0 0 0 0 0 0 0 
羞赧 嗔怒 0.13333333333333333 0 0 1 0 0 0 0 1 0 0 0 0 0 0 0 
考勤 巡更 0.13333333333333333 0 0 0 0 0 0 0 0 0 0 1 1 0 0 0 
驰骋 踏足 0.13333333333333333 0 1 0 0 0 0 0 0 0 0 0 1 0 0 0 
注册 核准 0.13333333333333333 0 0 0 0 0 0 0 0 1 0 0 0 0 1 0 
颤抖 吃惊 0.13333333333333333 1 0 0 0 0 0 0 1 0 0 0 0 0 0 0 
保持 改善 0.06666666666666667 0 0 1 0 0 0 0 0 0 0 0 0 0 0 0 
研究 阐述 0.06666666666666667 0 0 0 0 0 0 0 0 0 0 1 0 0 0 0 
凄婉 悲歌 0.06666666666666667 0 0 1 0 0 0 0 0 0 0 0 0 0 0 0 
忽略 迷失 0.06666666666666667 0 0 0 0 0 0 0 0 0 0 1 0 0 0 0 
惩罚 唾弃 0.06666666666666667 0 0 0 0 0 0 1 0 0 0 0 0 0 0 0 
检举 免职 0.06666666666666667 0 0 0 0 0 0 0 0 0 0 1 0 0 0 0 
乘势 掩杀 0.06666666666666667 0 0 0 0 1 0 0 0 0 0 0 0 0 0 0 
查实 检举 0.06666666666666667 0 0 1 0 0 0 0 0 0 0 0 0 0 0 0 
创新高 探底 0.06666666666666667 0 0 0 0 0 0 0 0 0 0 0 0 0 1 0 
飘荡 浸透 0.06666666666666667 1 0 0 0 0 0 0 0 0 0 0 0 0 0 0 
牵连 入狱 0.06666666666666667 0 0 0 0 0 1 0 0 0 0 0 0 0 0 0 
违反 遵守 0.0 0 0 0 0 0 0 0 0 0 0 0 0 0 0 0 
建设 验收 0.0 0 0 0 0 0 0 0 0 0 0 0 0 0 0 0 
在于 兼顾 0.0 0 0 0 0 0 0 0 0 0 0 0 0 0 0 0 
点头 递给 0.0 0 0 0 0 0 0 0 0 0 0 0 0 0 0 0 
创造 现代化 0.0 0 0 0 0 0 0 0 0 0 0 0 0 0 0 0 
困倦 烦燥 0.0 0 0 0 0 0 0 0 0 0 0 0 0 0 0 0 
侵占 时有发生 0.0 0 0 0 0 0 0 0 0 0 0 0 0 0 0 0 
兼顾 日益增长 0.0 0 0 0 0 0 0 0 0 0 0 0 0 0 0 0 
掩护 扫射 0.0 0 0 0 0 0 0 0 0 0 0 0 0 0 0 0 
防止 协助 0.0 0 0 0 0 0 0 0 0 0 0 0 0 0 0 0 
佩服 偷笑 0.0 0 0 0 0 0 0 0 0 0 0 0 0 0 0 0 
相传 寻访 0.0 0 0 0 0 0 0 0 0 0 0 0 0 0 0 0 
奋斗 抛弃 0.0 0 0 0 0 0 0 0 0 0 0 0 0 0 0 0 
自称 指使 0.0 0 0 0 0 0 0 0 0 0 0 0 0 0 0 0 
不知道 扭曲 0.0 0 0 0 0 0 0 0 0 0 0 0 0 0 0 0 
改良 畜牧 0.0 0 0 0 0 0 0 0 0 0 0 0 0 0 0 0 
输掉 完胜 0.0 0 0 0 0 0 0 0 0 0 0 0 0 0 0 0 
扫描 修补 0.0 0 0 0 0 0 0 0 0 0 0 0 0 0 0 0 
封锁 破除 0.0 0 0 0 0 0 0 0 0 0 0 0 0 0 0 0 
汗颜 匹敌 0.0 0 0 0 0 0 0 0 0 0 0 0 0 0 0 0 
运作 改制 0.0 0 0 0 0 0 0 0 0 0 0 0 0 0 0 0 
谋杀 未遂 0.0 0 0 0 0 0 0 0 0 0 0 0 0 0 0 0 
心存 敬畏 0.0 0 0 0 0 0 0 0 0 0 0 0 0 0 0 0 
节省 耗费 0.0 0 0 0 0 0 0 0 0 0 0 0 0 0 0 0 
注视 惊异 0.0 0 0 0 0 0 0 0 0 0 0 0 0 0 0 0 
崩溃 预想 0.0 0 0 0 0 0 0 0 0 0 0 0 0 0 0 0 
听懂 口吃 0.0 0 0 0 0 0 0 0 0 0 0 0 0 0 0 0 
鄙视 做秀 0.0 0 0 0 0 0 0 0 0 0 0 0 0 0 0 0 
感慨 质问 0.0 0 0 0 0 0 0 0 0 0 0 0 0 0 0 0 
当班 停职 0.0 0 0 0 0 0 0 0 0 0 0 0 0 0 0 0 
忙碌 等候 0.0 0 0 0 0 0 0 0 0 0 0 0 0 0 0 0 
忐忑不安 窃笑 0.0 0 0 0 0 0 0 0 0 0 0 0 0 0 0 0 
灭口 逃掉 0.0 0 0 0 0 0 0 0 0 0 0 0 0 0 0 0 
流露 扭捏 0.0 0 0 0 0 0 0 0 0 0 0 0 0 0 0 0 
攻击 注视 0.0 0 0 0 0 0 0 0 0 0 0 0 0 0 0 0 
准备 难免 0.0 0 0 0 0 0 0 0 0 0 0 0 0 0 0 0 
突显 修身 0.0 0 0 0 0 0 0 0 0 0 0 0 0 0 0 0 
